0 11.8221
0 8.8353
247 44.9228
0 55.8926
0 1.9268
0 9.7695
0 10.5211
47803 10683.8583
6 10.954
60 19.5847
76 10.5817
11 2.9763
24 3.5161
0 9.3875
0 10.5609
922 152.212
0 0.6835
117483 25710.737
0 9.1505
531 74.165
0 22.5472
53420 11576.81
730 95.3946
1199 181.1426
340 49.155
1673 265.4412
228 20.0646
0 9.4214
75 10.965
1402 241.4605
0 8.5434
1189 216.0872
1130 175.4552
51 7.082
79 11.8855
0 1.2124
99894 22128.6903
39 6.693
0 51.7498
0 8.7963
279 33.2835
0 0.6569
388 41.5041
444 46.4634
0 0.6779
745 96.7048
1459 212.7779
22 4.3738
52356 11550.539
594 88.3461
0 1.2549
87511 19939.0327
0 9.3706
0 9.9463
2079 397.1752
1736 267.9753
0 1.0913
2676 519.4217
0 0.6689
130 29.6455
181 30.258
52 10.0596
606 106.6205
205 30.7427
106489 23232.8993
76356 16343.5829
202745 44641.7398
49 9.3793
202907 41694.0041
0 0.6505
195 28.4568
99888 22003.2553
0 0.6557
54476 12022.9023
1386 219.1744
145 30.2256
0 0.7163
306141 66926.2367
23 14.7907
676 92.2481
0 0.6622
0 0.7472
0 8.7102
37 5.5982
0 8.9603
0 8.6434
589 70.4482
557 99.5515
0 0.6641
1068 185.082
1139 148.116
72 8.8214
73615 16710.1649
0 0.7536
1061 176.6113
117144 25499.5051
76604 16580.2605
1030 165.6639
53603 11853.5379
1691 388.2757
0 0.7223
149 19.7218
0 0.6949
18418 4134.3387
1150 203.0102
636 95.5053
18486 4319.023
11976 2868.7274
3472 746.2737
791 101.1483
136617 30538.8737
0 0.7482
188129 43532.6073
0 0.7187
12936 3137.9023
63 13.4727
554273 127748.3514
95259 20590.0142
201741 43600.3396
2 1.0044
0 0.734
311306 66912.4106
164471 37151.2078
502 61.2441
210088 46804.8414
0 1.001
123 25.9569
0 0.7838
0 0.683
0 0.8968
832 140.6519
74408 16480.5494
209100 46681.4072
1 0.8964
1188 232.6211
0 0.6495
94556 20299.4951
340 54.3836
0 0.6883
721 76.0757
0 0.6644
0 0.6613
1325 230.913
164770 37084.1184
0 1.9681
0 0.7413
739 110.6982
75967 16984.6207
224 32.5002
0 9.197
52 8.5457
181 29.7832
95052 21425.4458
0 0.7034
26232 7667.3225
0 1.0377
3523 894.7034
478 44.6806
746 98.9017
0 0.9156
603 102.8
225 26.3714
624 94.8764
0 0.6923
81 12.7926
0 8.5086
1742 382.0112
1049 190.0977
49779 11622.9997
411 63.1387
360 39.7036
1062 199.7335
0 0.7819
163 22.8043
200335 44811.806
122 20.8526
75027 16480.9114
1988 428.6222
224 41.3021
164139 35191.9814
0 1.0349
0 0.9112
203212 40984.7289
0 0.6608
0 9.2764
0 0.665
164069 35567.4323
795 114.4818
152 23.074
35 12.9992
0 0.6847
0 0.6822
508 65.1077
47406 10919.3065
419 64.6662
0 0.6922
468 88.8631
1082 204.3513
1821 391.0164
0 0.7239
97 17.1538
0 1.3356
0 0.7209
0 1.0199
1134 208.751
47436 11173.8574
0 0.6967
498 70.6001
205393 41212.1351
99942 21884.1
85632 18881.6931
0 8.5241
2303 563.8609
0 0.7726
0 0.6817
77 11.5687
0 0.6757
95420 21366.6417
106025 24488.6202
0 0.7226
0 0.6794
2577 609.1286
18416 4789.7232
1150 221.1581
86033 20135.5419
0 1.3557
0 0.7242
1035 150.3719
0 0.6695
1208 150.7172
532 58.9594
559 59.2179
910 110.8404
0 0.7114
11614 2915.2428
0 0.7773
0 0.6962
87637 20283.3012
114 17.5232
73690 15846.9613
0 0.6824
0 0.6853
76 20.8334
36 5.5866
0 0.6672
209272 46338.2044
0 0.7805
975 115.345
2501 581.5334
209730 47297.0464
0 9.2537
24 5.3625
0 0.6787
0 0.855
0 0.6605
999 134.0944
0 0.7268
15 4.7077
18387 4116.4795
86 14.748
0 0.7344
230 34.3956
512 70.5497
117703 26789.5238
0 0.9114
0 0.6905
52936 11617.0173
577 82.0405
114 19.0886
178 26.4132
0 0.67
94970 20647.9588
545 66.1628
0 0.6985
1991796 343102.2053
72 11.4013
0 1.2986
29 5.6451
0 8.7392
0 9.7792
74224 17202.0694
0 0.6675
0 56.7723
8 10.7627
1085 203.3227
118051 26466.696
0 8.9081
243 37.4492
1164 195.3673
515 58.5468
0 0.7124
0 8.4053
3410 679.7206
652 99.7918
0 0.7486
0 9.3834
0 9.657
0 0.7146
12 1.7521
202877 46244.3166
361 50.975
48820 12059.076
1372 186.4864
21 13.4985
93906 20509.3411
54249 11948.5365
53231 11486.8111
0 9.525
81 13.2954
0 8.1514
0 0.6746
164602 36757.21
1991667 333594.9653
87625 19998.4799
100380 22361.3261
55527 11969.295
0 8.8674
23 12.8252
943 206.2379
0 8.2451
0 10.1331
1993171 335713.8849
189283 42417.997
2513 617.8142
0 0.7222
86076 20013.3487
0 1.5005
0 0.7318
2258 601.3981
1993027 335724.4424
0 1.3247
0 0.6578
209906 46777.7926
0 1.5513
0 0.6832
0 0.7201
12924 2750.8121
24 13.4074
0 9.2946
23 4.7869
185 22.7572
0 1.2948
0 9.7148
24 15.4117
0 1.5053
0 0.7091
101 22.8893
3258 943.5991
1420 195.3909
0 0.7034
0 0.9164
182 27.1642
117797 26527.7554
2894 711.0306
99286 22659.2436
1073 187.0641
2639 562.8115
0 10.1776
0 8.972
20 3.4342
0 0.9576
0 8.9126
44 6.6227
735 110.7845
189014 41872.9702
0 9.0507
0 0.7317
143 29.031
0 0.8817
381 35.7796
0 0.7073
0 0.6978
0 0.7001
943 112.3145
0 9.6108
587 138.1016
0 55.7759
16 3.7847
164 25.7207
337 47.157
0 0.9385
384 67.3416
136242 29390.4262
1428 278.2954
109 13.8319
164086 35866.3922
627 79.027
561 63.5158
5 1.4416
0 0.6695
99613 21470.9963
194 26.0524
0 0.9401
0 0.7313
0 55.6578
201848 43540.4268
0 0.6853
0 0.6957
141 33.1574
189303 40547.7906
161037 35553.8225
264 24.4002
124220 27240.7198
96 24.0671
0 8.9162
865 141.1975
337 60.4441
2 0.9701
77069 16339.6443
1107 221.324
0 0.9386
0 8.9784
189 29.8028
1857 349.7853
0 1.036
0 0.6726
0 55.4955
639 96.8429
0 1.5838
364 59.4778
0 0.6618
211544 45852.5513
1405 235.0038
0 1.1927
0 0.6577
553068 124092.4559
0 0.7102
209892 45785.6812
910 94.9777
203301 42856.1869
0 0.6967
135937 29249.3662
544 63.6805
210850 45870.429
55519 11947.2242
57 9.534
26006 6180.1784
48984 10817.3405
2060 312.8763
0 0.6792
85856 19026.5143
0 8.6688
76380 16027.5458
34 5.8546
0 0.6711
7 1.2869
0 0.6666
76852 16030.1444
230 31.9496
22 4.1853
39 6.8107
18383 3985.3489
0 10.161
47834 10349.0909
202779 40716.7447
74023 16183.5204
0 0.6949
868 106.1183
87374 19443.2772
133 10.9521
210887 45830.6212
0 0.6881
1602 260.6429
0 0.6777
0 0.6631
0 0.6669
95276 20488.0024
1993282 340060.4542
133 22.1453
738 88.5218
188952 42113.1194
1589 254.9419
0 0.7223
88 13.4081
178 31.0876
0 0.6874
0 9.1994
85613 18708.3066
0 0.6625
210 34.0819
0 1.0204
163982 35634.8254
94048 20079.1672
0 0.7363
165308 35911.8356
1651 263.6971
0 0.6868
1 0.8855
55 10.6576
0 0.6702
14 2.8436
3216 702.9446
0 0.7121
0 0.7402
0 0.7031
18455 4177.3092
0 0.6679
722 88.3083
0 9.4603
0 1.7572
671 102.3582
0 0.6759
975 148.541
0 0.6705
32 5.9447
0 1.1459
598 85.2479
563 50.4256
1992493 332441.2748
73877 15894.8947
483 63.2536
43 7.1574
0 8.7714
0 0.6676
0 54.6124
0 0.6646
0 0.6629
106 10.1529
0 0.6841
0 0.6784
26248 5606.4961
26020 5611.1561
0 0.6468
42 6.1922
766 113.3174
0 1.1211
20 3.5363
105 18.6682
960 150.9717
0 0.7961
99965 21617.7259
501 70.0583
637 72.1371
0 0.672
2273 498.4179
0 0.7939
0 0.673
0 0.7047
0 0.7519
0 0.7414
185 21.2255
1506 303.7382
88 17.2968
95418 20432.635
0 8.9005
0 0.7879
106335 24174.8963
0 0.7147
0 0.6823
126194 28498.1515
211984 47955.8991
18464 4167.9106
71 9.6937
380 59.0611
0 0.6773
0 1.1948
688 85.9228
919 132.4174
110 15.1677
247 33.899
0 0.8355
0 1.1828
0 1.9023
0 1.6991
0 2.0643
0 1.5891
0 1.47
107059 24020.6286
53615 11780.0178
0 10.0351
85 14.3686
0 8.5393
18391 4031.3893
0 8.2992
607 100.0241
73790 16592.8449
0 10.5463
0 9.0591
0 1.6285
0 8.8679
1200 108.9778
592 94.7698
0 0.7656
0 8.8668
839 105.2346
200842 45592.7003
0 8.5225
0 0.7216
52722 11426.6823
0 1.0199
92 13.4844
3537 666.8249
0 8.2549
0 0.7459
215 30.3413
108079 24012.1157
88143 22907.5827
0 8.577
0 54.8657
0 9.799
0 8.9938
404 47.9278
0 0.7994
308472 69171.6768
537 75.7763
1948 295.8957
2337 397.9015
981 125.2983
0 8.8588
0 8.6374
0 8.6683
32 16.4389
74894 16214.2575
0 1.3648
729 63.4486
43 9.1518
89 14.6186
0 9.4615
208750 45849.4267
0 0.6904
512 74.8609
190 29.6269
107695 23622.9299
0 0.7812
598 92.2021
0 0.6942
672 112.7872
202976 40619.6535
75601 16547.2941
0 0.6782
76044 16589.4804
482 71.9678
76611 16495.1451
458 65.1541
0 0.7239
6 1.6401
52 10.1801
26280 5849.7709
168 25.4282
895 153.2051
849 95.8124
0 0.6933
124384 28469.6984
1778 343.1773
549296 126693.5114
0 0.6809
0 0.6868
0 0.6644
189283 42806.1278
202 30.2011
118323 27309.1331
552058 125083.0906
2432 570.2241
0 0.6847
1531 263.8263
1041 207.4209
227 33.7489
200730 44818.4422
454 68.3846
27 4.9157
94548 21036.9902
0 0.8632
7 1.8066
117222 26361.0749
1992523 351213.4963
1920 364.2088
86754 20340.9901
469 67.3064
18440 4359.7014
119 73.95
0 9.8342
125136 28757.3013
0 0.6829
54743 13206.4983
209421 47415.8611
1777 284.7549
122 17.4315
0 0.7283
84 14.2138
124037 28481.8309
0 9.1315
86144 19776.6329
136980 31165.0394
0 0.7453
100247 22572.4435
76422 16749.4564
63 14.4123
0 0.7193
203310 44749.1291
31 5.6644
0 10.4777
598 87.2174
26111 6645.3205
1037 159.3247
300 50.4929
0 0.7067
653 86.248
0 8.5572
0 0.8797
0 0.6748
210444 49242.0787
54145 12465.5716
3115 670.0506
241 36.593
74495 17885.2718
4 1.8421
0 8.2272
0 0.7641
2224 370.8904
0 0.6898
204391 42681.448
0 1.1636
0 8.9882
0 9.54
0 1.4123
552566 125491.4936
831 103.8692
0 0.699
106972 24469.0589
914 82.8377
0 0.8505
336 50.3363
6 1.7997
25 14.4656
203949 44264.0776
0 1.0447
183 27.5076
1454 264.2097
0 8.5466
0 0.7881
0 0.6863
86 8.8889
120 18.9292
205004 41649.9215
0 0.8597
1216 206.4345
202838 40821.2942
200109 44324.2216
0 3.3383
162530 37357.1162
425 61.0043
847 114.827
426 72.9478
11295 2508.2111
0 0.7406
87 10.6161
306917 69211.8527
0 3.4485
94841 49162.1363
0 2.2694
237 67.1368
1288 237.4621
975 422.3089
0 2.4195
0 37.5968
0 1.7958
1993762 817884.5406
201988 54134.031
0 1.7624
629 119.839
71 10.3352
200250 53910.4043
0 1.3344
37 6.8971
0 1.587
972 159.1399
0 0.9276
0 2.7379
0 2.7262
0 1.3881
62 9.8574
0 1.3082
111 19.5409
548 84.5301
0 1.197
550445 150078.1549
26 4.7988
2815 753.4632
90 14.9179
188553 48220.0286
0 1.5163
72 20.732
305962 75059.8574
27 5.8167
600 99.3715
288 47.9392
359 59.297
162121 48051.4355
1773 457.9395
0 1.4944
0 1.7684
0 0.7104
74246 19378.5931
1593 331.877
185 34.3435
23 15.2165
123848 31548.0726
116 19.4167
0 1.2974
420 108.3336
643 99.3919
926 139.4582
37 7.489
0 2.1078
46 19.7413
0 1.518
1992915 405850.3083
405 47.9902
93 23.759
679 103.9115
0 1.4067
100603 25807.2417
0 1.7406
0 1.4932
164224 44020.856
709 135.4171
290 39.9123
265 32.6626
0 1.5104
0 9.0786
0 1.2689
0 2.0486
209830 54549.9909
0 3.876
4 2.3072
0 1.4617
1338 258.9359
317 52.9447
903 88.4496
212 32.8169
0 1.7211
44 8.4963
0 1.6462
0 1.436
955 168.3489
308325 78555.5002
0 0.9599
202061 52483.4035
0 1.433
21 6.1147
898 167.7073
1787 290.9451
123731 32077.6751
186967 60954.4131
735 94.2328
210329 51631.2459
0 1.3481
0 1.9497
188172 48020.6963
203101 44854.6014
0 1.0214
121 22.9289
3046 578.9918
48 8.6909
106854 25021.6618
0 2.0255
124627 29573.5683
1410 305.8036
599 89.7025
11621 3487.1811
0 0.9358
1461 295.2999
1441 202.669
11676 3318.3171
48852 13267.7956
16 5.0405
0 1.3734
0 1.7597
130 17.3723
0 0.957
184 28.7974
0 1.4866
52962 13259.491
207 35.3168
125000 29764.857
200613 48363.9928
0 1.9618
765 106.9037
308554 77180.2411
552722 132746.0905
0 1.4329
1 1.2272
0 0.7116
0 8.8895
0 0.7294
307491 70864.4798
0 1.8303
0 2.7177
0 1.7212
91 35.3648
1481 325.2437
26138 8148.0941
0 2.3495
931 165.2426
0 1.2141
0 1.317
106189 26990.9427
0 2.4004
1339 580.1649
0 3.6395
0 1.6049
0 1.8687
0 1.1369
53 10.3458
87765 36681.0107
0 1.8044
388 63.5633
129 23.8626
0 10.9925
1993010 365505.398
1102 227.7861
114 19.0594
0 1.8696
0 1.6547
0 0.6639
0 1.7482
763 114.3939
0 1.238
54 9.9159
0 1.6114
435 66.0384
278 50.522
271 43.4161
48555 11384.5163
552533 167135.1818
1705 267.4092
0 5.9412
140 21.7196
18 5.8855
11 4.294
201400 60333.2768
410 54.9331
305977 80119.3903
774 110.5054
1707 322.189
75411 18998.3166
125946 31116.0015
0 9.4654
0 1.7743
925 134.6694
42 16.5671
0 1.1983
0 0.9404
623 101.3538
3 1.7518
1919 440.223
207448 62535.2572
162033 40466.7282
0 0.9033
77102 19809.7574
68 13.2889
0 1.1976
26074 7400.7685
152 28.4365
644 94.9274
135887 33770.1353
692 97.4854
1136 158.1099
0 1.3516
801 114.2611
0 0.751
331 54.1266
124386 34265.7497
58 19.0754
0 1.2291
105 27.0539
3 2.2395
0 1.2722
4 1.7006
123755 30005.0104
0 1.1306
0 9.272
847 115.988
309907 103236.4565
0 4.3821
49123 13523.8476
0 1.294
117756 32848.5542
0 1.5771
0 8.8141
60 8.8197
248 36.8943
136363 38174.4944
94 15.9061
0 1.5767
231 40.5355
188790 58806.059
138 28.6654
0 2.0543
1003 173.0033
2100 495.8165
768 120.0607
0 1.0412
563 106.378
0 0.9883
1632 460.5081
136471 41812.7523
1527 470.7307
0 2.4428
0 10.203
