29217 218.0827
16885 549.7215
38446 609.348
16797 96.2808
37110 272.5694
27094 201.2084
24101 138.7187
14558 85.7148
421 2.7813
9248 64.9312
3162 19.7525
25014 203.6945
15291 175.0723
19577 255.5395
32341 240.2082
8640 46.97
3334 16.8891
5271 38.6889
3626 19.1763
27826 474.1076
9214 46.1436
4728 29.5538
5416 29.1541
16798 148.2385
16321 265.2718
20032 112.5105
1450 16.2677
28407 191.7141
10706 131.4614
40202 410.1985
610 41.186
7119 35.158
11279 62.4199
381 11.3369
17567 106.0035
3542 17.3182
3701 35.3706
35544 250.4986
17861 116.478
3580 25.7304
13239 74.4228
154 15.9622
4761 23.4976
7821 27.241
1168 13.7254
14811 92.993
17562 113.8155
1752 5.456
5212 25.0307
30499 291.2505
11560 60.4818
12536 102.0345
9164 83.6631
15499 61.8095
18398 98.0195
32076 229.1094
4985 16.0449
19639 109.842
16016 94.0162
1212 40.0996
2696 17.1749
15749 89.4743
33626 203.6596
36226 258.8371
6122 26.6291
2403 40.2081
4696 65.5993
15521 141.9818
26032 162.1949
13926 70.5092
1340 4.2139
18762 102.4992
15315 74.1452
13451 70.0951
16189 106.6351
10667 44.5285
736 3.885
1804 5.5443
10071 37.8893
2984 12.5964
10726 72.8173
38788 245.0694
39801 300.3166
9764 119.094
16048 77.595
31759 202.3625
9819 41.3187
11354 113.213
30191 202.7172
29936 165.9247
36300 241.3076
22218 148.1688
27425 189.1533
22860 142.1148
14496 80.4804
37845 226.3776
23557 152.4691
12406 68.5382
5186 23.3718
28013 184.4852
16237 93.0086
40590 258.0382
7611 49.6391
14045 115.4259
8730 52.8217
39951 291.35
39752 274.7234
35626 179.0854
37592 246.809
18338 97.5742
6684 33.5332
10835 110.78
34574 207.7545
17439 110.469
20763 92.2721
11248 64.5642
13458 79.3227
2606 69.8131
39845 266.9728
1279 5.0286
38112 282.61
25050 109.5847
25681 170.0992
7875 29.5436
24894 118.5151
15648 103.0152
12477 56.3272
19030 106.85
12944 67.7358
9870 62.3461
21331 94.5295
12273 57.5383
14292 78.2945
37543 256.8354
39991 275.7586
16062 78.5368
1506 7.2893
33164 199.9272
13751 88.507
16331 100.9381
6121 37.9384
6886 44.8713
7318 35.3035
17293 78.8794
286 1.7976
19908 91.7419
10712 51.3483
43603 235.43
19773 106.8487
34049 261.6893
25061 128.366
3299 26.6884
5214 36.6678
15749 100.5289
26904 171.3524
84 8.6454
19316 138.2107
9729 49.8556
6186 27.3871
10830 58.586
18595 84.6171
16184 96.0813
23541 130.799
1822 7.2427
20760 117.8983
1284 6.6092
17606 99.1334
13577 65.3436
7997 40.0734
15412 75.1969
22719 102.4067
18606 90.6784
14896 92.3509
17918 125.3726
16910 89.1942
3007 9.6811
6093 23.7141
26128 115.7603
27495 158.0645
2509 22.4786
7775 28.1677
14734 88.1031
38870 278.9404
13302 74.9018
29197 199.1212
9006 50.1802
18705 154.2144
13442 81.5714
38929 202.4497
10672 65.3979
1866 19.6943
7833 27.0958
11540 71.8766
10217 62.751
10301 55.1409
10073 60.9483
2825 10.8026
9491 44.2163
22727 102.7945
23065 103.5472
13968 58.0804
4449 38.0367
15794 63.3434
16411 85.5008
29833 171.4565
15257 70.6916
27731 211.5698
18354 81.679
1217 5.3645
37479 220.1966
9417 34.0964
39666 263.1267
24221 131.9899
4739 34.7418
6826 24.652
18299 104.7159
1520 16.6699
36683 233.6218
6685 42.3299
10032 38.5948
24608 115.0954
33454 219.908
1100 5.5275
8759 52.049
14974 85.7207
19388 87.0728
2852 9.0086
28019 169.1617
3776 11.9885
39521 256.1196
9291 93.9654
41929 264.217
11700 45.4248
16504 74.9342
16620 67.7187
15994 88.8085
32143 171.2873
3268 22.6051
4547 27.0006
10071 38.5205
11589 46.3839
14033 54.9289
14743 58.3479
6922 30.2393
22629 133.5854
21759 156.7833
15981 99.7114
40813 307.0246
7201 26.3161
5835 25.3267
11319 49.8158
12866 49.8328
17539 94.3244
34174 187.249
17838 102.3524
589 3.4913
6231 22.4554
17688 93.1582
11499 44.5835
32140 147.7233
14997 78.9257
5061 31.0229
8490 31.2746
29221 196.7954
9347 44.0103
1815 5.7789
33660 198.5169
29704 126.0723
1960 17.9781
18906 112.1462
4337 14.4496
5028 18.3153
17921 75.5995
4270 15.3577
17192 73.3813
8343 30.535
31646 206.237
17592 85.0544
11481 64.4987
7205 26.5433
39735 276.5105
8055 52.468
6072 23.0661
4245 33.4234
16330 80.0865
480 1.6588
3695 11.9433
25636 134.8319
31607 164.2235
5857 33.6803
23863 133.4048
8779 45.498
2579 22.8187
11607 56.4471
9487 35.8029
1174 3.8848
12988 51.6331
12302 119.291
19053 74.1413
19205 104.0162
14990 92.3822
18100 80.5795
16778 104.0116
9279 33.7313
16382 100.7504
11784 45.9642
14005 56.1541
4082 14.6118
11463 47.1474
11900 51.338
10064 36.6677
18311 112.7464
186 9.8557
14185 61.3579
17057 77.144
12939 90.8698
7126 23.7513
23338 178.2479
17679 79.649
3461 11.0619
6497 26.8728
1421 4.7036
19736 108.8741
5337 37.8177
38869 231.9872
11187 46.9683
13379 51.055
37569 245.8252
7667 44.0516
14280 56.2015
9269 47.1398
4614 19.7995
13735 63.0493
9946 36.5354
11516 44.7608
33405 212.575
4633 21.1928
2674 20.7005
14650 57.8257
15784 87.7327
22926 106.9502
9663 38.0807
4407 14.5864
4447 14.8166
8388 31.724
5550 24.151
13562 69.9738
19626 102.6891
15492 87.3667
4703 15.8464
10298 38.9122
398 1.9119
37953 215.6637
38532 219.7346
3369 10.5648
23456 115.2892
1497 15.9256
4142 32.6391
13253 64.0465
4919 16.7755
8791 33.1534
19707 145.5235
14938 61.9426
31220 162.5422
13949 66.1123
2583 8.065
7317 34.2187
34204 176.98
16139 68.2514
12418 60.5587
5000 35.8417
17930 114.3904
17236 76.5919
36243 220.2994
17920 77.2064
4338 16.6128
11206 102.111
14001 65.0059
17974 116.9232
12580 49.9255
7904 28.8529
15075 61.0858
22276 126.3687
2753 11.0477
28201 152.0254
14798 59.5048
15075 72.6468
6501 22.46
35488 203.0613
24672 113.4541
19092 96.1025
39743 255.7501
11468 41.0825
6440 39.4354
16725 85.6613
43444 305.2836
18378 79.9156
3370 24.4985
9408 57.1434
30099 130.6578
1530 16.8948
29458 148.3008
6118 20.7332
9948 44.2809
6670 25.2523
2335 8.0797
349 1.3644
23779 173.0422
4108 14.3482
7600 39.4969
18788 97.9627
6350 31.749
18069 75.6081
3468 11.4609
23640 106.224
31481 209.0981
13720 53.4931
11412 43.396
6795 44.6681
31705 168.3325
1150 3.7088
17335 73.2736
12401 49.227
39754 242.8057
19557 82.2893
6895 23.768
13008 50.1494
15615 87.3376
122 9.2909
42386 274.1649
25263 130.6015
3877 12.1283
2888 9.3764
1944 6.0243
5311 17.3015
5074 18.5472
12214 66.7286
6205 21.7098
17451 90.5504
31803 168.0139
36730 283.7303
22481 91.5582
26366 130.3287
12011 44.7847
15232 65.0982
15301 61.4358
5391 22.0905
28380 141.0708
9860 36.1419
32998 185.4107
11031 41.2161
194 0.7917
1209 5.3985
12025 46.6504
17092 63.1161
830 2.7332
18006 82.7695
31937 150.0474
6370 22.6663
3002 10.8307
18082 102.116
695 2.3184
5834 19.5972
3386 11.6058
14576 65.3961
35340 194.5924
69 0.7118
4668 16.0519
15549 68.6872
25756 141.7825
16042 98.3644
6024 45.1612
490 4.6912
13781 98.8887
5907 46.9054
4493 29.6259
9132 78.8074
15912 102.9518
9136 61.2136
4152 37.1828
14070 94.7789
16666 110.7272
13294 76.4742
17056 111.1413
14686 92.7618
35645 303.8478
5965 44.5593
13360 107.3397
41893 318.6881
37931 285.2893
2664 11.4212
14826 108.7544
3049 17.3646
20786 153.2224
961 16.0593
15192 77.2797
9973 67.2689
41599 455.1193
7131 47.4977
28161 247.0113
2794 16.9378
11482 79.2617
26771 168.4262
17226 119.4457
18553 129.126
2269 23.1043
22873 171.7651
3917 32.8971
29054 230.2194
1465 18.5223
2755 26.5822
3931 34.0323
7535 49.0296
16614 112.5646
31438 253.9866
6307 47.5801
3175 80.6784
36009 283.8659
5939 42.4764
17098 128.2882
17790 146.1285
829 15.4293
11492 80.9505
21594 156.7222
12988 87.0188
15387 109.119
42255 391.5075
16047 100.8027
7041 43.4083
33050 289.1115
9603 45.6639
4169 24.2919
16268 117.5984
32696 268.803
15533 112.4027
13958 97.0948
31828 248.928
19286 143.7825
1164 19.2746
720 14.1658
5785 33.6151
3084 26.7352
863 7.1795
13621 98.0794
3289 19.61
19330 132.1752
20263 150.5319
28514 210.1271
9260 69.0037
8802 61.8584
15861 113.5915
16564 132.7212
7825 50.8252
35496 370.3172
5809 48.736
408 2.7112
36017 313.1428
20386 146.2807
41959 320.7258
19320 154.0537
15035 116.0435
38307 357.0706
17456 108.5214
12478 64.628
3118 32.0633
2812 13.8228
41807 443.5212
18253 124.1218
2149 24.5586
42029 325.2348
27570 216.5699
1199 6.8759
18723 134.9566
13127 65.5699
11002 69.4581
3846 34.177
16832 110.3108
7658 53.398
14757 109.5961
7388 54.9225
13859 72.319
13401 97.8005
10713 69.9891
1685 19.9412
551 13.5093
30849 243.3564
12671 92.9978
17012 99.7657
15934 109.6667
18428 134.3755
29087 227.1799
19523 133.6221
13800 90.6072
19360 110.2391
36630 326.4615
4299 28.985
18261 118.159
7227 53.6867
10567 73.1758
7685 36.0161
3773 17.5139
34726 334.3698
23667 185.0944
3250 30.1905
21624 162.6587
11019 73.6032
13447 87.9769
24109 138.0588
10209 52.9089
18991 149.0374
10458 51.9001
23757 193.9653
9890 73.5708
5819 41.7126
16299 107.8172
9259 66.6834
18987 173.631
36830 293.143
11264 81.7885
13357 101.1912
7405 51.0262
17692 132.1235
18114 130.0334
37729 286.6255
22749 173.513
2543 19.1296
35557 318.4968
5787 37.1051
4356 28.6062
1681 8.8857
2067 9.468
6135 47.0124
10188 71.8169
15555 104.575
4088 18.7273
19087 109.9217
3096 14.0306
4234 33.7975
6199 44.7385
4841 41.2691
11413 86.2205
3990 18.6649
18110 117.049
3179 20.0733
2443 9.8764
16736 121.6756
12065 85.5121
5449 35.1128
5248 40.5695
44014 386.8413
19843 129.6586
15335 103.6091
9089 58.4293
1099 14.6832
31005 208.9818
31262 247.0349
656 13.5004
18620 133.1114
16904 102.3403
18204 115.0213
26351 138.8134
34693 251.425
18259 136.5891
11754 77.0825
21826 138.0182
21292 136.2057
8972 43.2033
34285 275.6457
5054 22.6948
34218 241.2549
8449 51.7531
37151 309.562
15343 154.301
6205 44.5542
7453 34.5169
7740 51.6686
10998 71.7168
14144 87.7334
8091 60.5938
15673 93.1637
10843 62.8573
17220 122.1923
27079 179.298
11478 72.4197
15708 98.5276
6346 39.8113
21358 151.8433
4689 21.5565
8587 61.3962
22900 213.811
24766 194.52
5080 28.3042
17588 113.2369
17883 102.4023
4193 20.4158
7315 50.0497
6121 27.8059
4584 20.824
12805 60.3173
22201 139.44
2352 10.6484
20257 135.8193
24551 181.5377
15940 112.6853
29220 215.5656
29189 196.7546
3190 13.2555
31270 217.4758
12390 83.6393
7634 51.0559
18272 133.5398
14116 105.5376
5380 23.9417
2370 10.5183
19143 106.0184
27035 142.4429
35794 272.1859
33252 185.7177
14450 109.4443
27190 174.7568
85 0.8294
11186 65.3904
27710 162.6674
15485 77.1782
1362 7.8471
12594 60.7503
11907 59.7095
14595 95.6046
35940 252.2924
6773 31.4329
21782 146.7407
39884 281.7599
496 3.1612
1672 8.6091
19331 146.0858
12833 95.2203
848 5.4415
9588 55.5232
11731 59.2754
38452 318.172
71 9.1236
15926 108.6478
15242 90.9773
4721 32.3888
5300 23.4271
12806 82.2147
17237 90.3225
13975 68.0524
150 0.8893
39878 335.2082
20203 124.4738
6880 41.757
10964 71.1888
36367 295.185
12953 65.8195
36382 276.6196
15916 80.2244
17106 96.7293
14942 74.6427
14226 103.5522
7338 32.238
1569 7.906
9893 51.9106
8111 57.0369
6607 32.687
13842 82.5733
10207 71.4716
12307 77.0402
9562 44.5605
1775 9.2226
29110 203.1911
32685 240.4625
28041 194.2671
19321 130.3711
4931 31.5785
9905 44.7092
17755 120.7304
2074 13.7674
38743 312.3116
17609 117.5713
16441 95.0544
8222 37.0709
12823 60.536
11143 71.4945
6810 50.6332
39918 234.7197
14194 88.8456
15457 92.3421
9046 41.5511
4135 88.2782
1098 16.628
2527 24.9443
8372 42.6864
13704 87.0151
15020 97.2153
6550 98.502
41171 418.6187
16103 80.4381
42456 393.5789
36016 309.1929
33496 214.8327
5642 42.1079
8545 42.8318
5635 87.6098
17241 106.2555
13993 85.515
4784 21.5195
20773 119.9767
4962 36.7464
16392 166.965
10888 113.235
16189 79.6687
13730 84.1044
6139 27.016
7729 44.2446
15341 74.2179
2532 10.4876
36682 282.1779
8161 57.5198
10423 67.4553
10827 70.4294
18453 124.6328
2248 10.526
4155 32.9812
27368 178.9285
13084 75.3763
18107 92.4596
8102 48.5247
17380 114.7002
16466 112.4256
8433 38.7737
4193 19.2849
7733 48.0824
14516 104.7992
15034 85.2575
26490 150.7716
9889 64.0934
15701 74.6608
3668 33.6287
1346 16.5064
14778 89.1993
22923 148.5673
16060 111.2317
15821 87.0779
8208 45.7642
12094 77.8963
11415 55.6606
6355 28.2588
23570 178.2972
9327 43.2168
16797 85.9295
20209 122.0439
28071 184.0941
7637 34.5238
33425 256.8158
10206 47.3338
10286 58.3103
17600 116.7115
3537 15.4305
31716 226.2798
14299 85.0257
8220 38.2055
14596 86.055
12463 60.3607
7134 52.1789
37362 300.4996
30935 229.9429
36610 220.3147
18770 124.1494
40949 338.4743
25692 160.2416
11677 56.3253
1547 17.6942
40017 268.4162
10827 64.0332
14509 73.1789
1739 11.6439
14127 103.4893
10479 70.4184
39802 273.3205
1933 22.072
15974 109.0936
24719 240.5689
4362 26.858
7986 72.2887
11438 244.9758
15867 114.9274
16185 81.3983
6578 45.4534
13169 70.7436
25676 160.5443
39025 330.3843
3183 21.5776
9360 118.4891
33136 214.6765
6821 48.9765
2630 25.8842
40955 380.2251
287 12.015
8488 39.2292
28749 229.0022
14311 102.143
241 1.2966
8963 50.7581
1463 10.1107
6999 40.5473
24129 169.3124
231 1.2591
3568 15.3718
140 1.3696
15147 107.6508
16092 85.6907
11896 91.9791
18168 118.0179
2814 23.8106
2681 18.967
18977 127.5805
10143 67.8308
13936 95.9689
14908 104.0524
16175 109.4209
1648 19.7069
40421 363.3202
27260 250.8384
2342 23.7056
4156 26.2897
242 2.9518
2182 11.836
1002 16.5469
6596 41.0167
17230 110.5063
741 14.1913
560 3.6597
9061 54.3493
28117 218.1129
39707 340.6345
17177 114.3365
18040 111.4594
9074 63.8702
12997 74.3053
16601 164.1845
2378 23.2376
13012 91.8186
6775 46.2043
818 5.4289
10052 118.0035
7977 58.2673
17912 114.962
6727 40.9779
12573 81.2286
17040 118.7665
25453 201.7656
25580 189.5027
1277 8.8347
9391 69.7967
13683 113.7067
23683 175.4646
2983 29.6803
12720 92.5025
3860 25.5689
14893 109.8439
41058 383.6662
25592 171.3429
22654 167.583
29052 224.5924
20017 136.6618
939 6.6403
4872 47.1214
7394 57.5387
6830 51.7952
7824 56.6503
2750 23.6227
2229 14.364
15456 99.8638
13241 89.4179
8787 59.7583
12022 94.8583
11494 82.5912
298 1.5147
969 7.0114
13633 101.7165
7191 51.7438
11442 56.2293
20378 142.8299
7507 54.0125
8939 63.5313
12429 87.6552
7580 52.8867
8396 114.3368
16249 110.3403
1252 18.0856
6683 41.7737
9093 63.563
9893 68.901
16985 113.0403
3855 31.2964
19297 146.6114
425 3.0122
40751 280.2987
8296 57.5456
