0 8892.9503
0 8678.4693
247 8552.836
0 8592.3478
0 8530.4679
0 8777.1877
0 8657.1603
47803 8736.443
6 8698.415
60 8702.6408
76 8689.2099
11 8801.7045
24 8826.0287
0 8640.8099
0 8829.3278
922 8700.9669
0 8606.8747
117483 8583.1113
0 8762.6295
531 8721.2419
0 8647.6318
53420 8580.2847
730 8611.2341
1199 8558.2753
340 8648.6123
1673 8822.28
228 8569.6768
0 8543.9214
75 8583.4853
1402 8593.2417
0 8611.347
1189 8565.2236
1130 8598.058
51 8593.975
79 8615.2089
0 8690.1484
99894 8726.2081
39 8586.3819
0 8578.3362
0 8624.5497
279 8547.9626
0 8570.7665
388 8594.2605
444 8573.7063
0 8585.2548
745 8572.5019
1459 8596.2657
22 8592.4041
52356 8562.2607
594 8754.0184
0 8744.4456
87511 8657.3247
0 8660.5397
0 8698.2894
2079 8610.6222
1736 8725.3694
0 8883.5575
2676 8911.126
0 8861.8738
130 8793.7814
181 8762.0587
52 8891.8678
606 8745.2942
205 8669.4058
106489 8726.2185
76356 8629.1382
202745 8667.3913
49 8691.407
202907 8703.7929
0 8965.6383
195 8933.1041
99888 8745.9406
0 8776.034
54476 8757.5414
1386 8781.3875
145 8732.545
0 8842.7553
306141 8928.8628
23 8722.7806
676 8849.2936
0 8918.2408
0 8843.8273
0 8914.8654
37 8823.9639
0 8724.522
0 8678.6268
589 8691.5842
557 8679.3846
0 8831.9648
1068 8776.5171
1139 8875.3354
72 8807.0577
73615 8890.0761
0 8893.2461
1061 8843.7585
117144 8963.4634
76604 8801.5588
1030 9134.6459
53603 8921.1993
1691 8969.1457
0 8916.2028
149 9151.8224
0 8873.7186
18418 8706.0696
1150 8896.2321
636 8858.9667
18486 8825.5051
11976 9258.2235
3472 8830.2286
791 8789.3207
136617 9057.4236
0 8981.2325
188129 9119.5283
0 9049.5422
12936 8980.6544
63 8944.0142
554273 9818.6914
95259 8788.2056
201741 8648.4508
2 8654.4635
0 8575.4296
311306 8590.198
164471 8609.0438
502 8985.6433
210088 8806.7171
0 8673.2215
123 8634.2627
0 8673.9759
0 8956.9766
0 8811.3388
832 8689.792
74408 8839.4658
209100 8814.9574
1 8831.9656
1188 8784.0188
0 8621.5466
94556 8654.015
340 8597.423
0 8641.4657
721 8875.7328
0 8985.6792
0 8927.7161
1325 8951.0133
164770 9165.4954
0 8798.2434
0 8752.4744
739 8766.1915
75967 8834.5994
224 8883.9528
0 8775.9814
52 8762.9753
181 8901.019
95052 8849.3719
0 8809.9026
26232 8801.3362
0 8728.8371
3523 8675.5394
478 8743.9154
746 8869.8844
0 8745.9053
603 8655.3149
225 8688.0502
624 8721.5322
0 8904.1561
81 8811.4846
0 8755.501
1742 8686.7092
1049 8772.6859
49779 8644.0277
411 8920.4719
360 8711.2989
1062 8747.2605
0 9205.0542
163 8890.6238
200335 8719.9605
122 8735.4516
75027 8624.5656
1988 8804.4206
224 8736.5602
164139 8611.4249
0 8610.9783
0 8638.8226
203212 8643.0785
0 8640.7957
0 8667.9252
0 8633.0801
164069 8607.9192
795 8871.2219
152 8746.7181
35 8621.8443
0 8628.2931
0 8697.5367
508 8642.5281
47406 8784.1327
419 8627.8286
0 8616.9534
468 8651.4791
1082 8856.2579
1821 8659.5803
0 8774.3791
97 8867.4507
0 8996.2365
0 8649.9564
0 8893.3483
1134 8897.2433
47436 8906.6484
0 8888.5908
498 8756.2826
205393 8619.2198
99942 8584.0532
85632 8581.0871
0 8606.2539
2303 8600.8031
0 8609.1501
0 8559.5966
77 8634.7486
0 8729.9827
95420 8819.0911
106025 9006.0314
0 8936.6767
0 8973.5359
2577 8909.5607
18416 8928.9776
1150 9739.0799
86033 9027.2664
0 8918.7963
0 8854.7045
1035 8856.0812
0 8753.3471
1208 8631.4871
532 8692.8801
559 8968.1281
910 8877.6405
0 8907.3198
11614 8886.3021
0 8830.9444
0 8877.5131
87637 8898.3601
114 8861.5771
73690 8673.8905
0 8596.7654
0 8576.6921
76 8569.2292
36 8737.3458
0 8699.5151
209272 8782.2508
0 8625.8865
975 8573.7591
2501 8731.7879
209730 8642.4182
0 8733.5835
24 8586.8949
0 8728.2536
0 8695.043
0 8788.0384
999 8879.0969
0 8808.5302
15 8780.4184
18387 8670.7733
86 8856.1077
0 8973.2376
230 8901.3436
512 8727.6477
117703 8883.498
0 8742.6998
0 8767.4657
52936 8765.6742
577 8689.0553
114 8766.7491
178 8769.0849
0 8784.4139
94970 8833.1924
545 8707.4142
0 8763.364
1991796 8692.8553
72 9029.2343
0 9014.0246
29 9232.6461
0 9396.8648
0 9059.6004
74224 9018.33
0 8889.5736
0 8837.39
8 8727.6804
1085 8957.0285
118051 8973.7704
0 9141.4238
243 8803.9392
1164 8819.4599
515 8852.5078
0 8965.9367
0 9040.1892
3410 8961.0727
652 8888.3163
0 8715.8913
0 8681.4972
0 8776.3309
0 8680.506
12 8663.2553
202877 8751.0577
361 8806.0088
48820 8764.2889
1372 8709.8204
21 8829.6949
93906 8638.5368
54249 8637.3157
53231 8716.5867
0 8578.1678
81 8704.8198
0 8671.0683
0 8644.7693
164602 8664.2408
1991667 8695.061
87625 8807.0399
100380 8857.5435
55527 8797.2182
0 8835.5385
23 8834.0968
943 8901.5195
0 8844.2559
0 8761.8515
1993171 8751.9378
189283 8772.4748
2513 8812.2255
0 8653.3349
86076 8765.704
0 8940.9202
0 8780.4142
2258 8661.6136
1993027 8813.0595
0 8714.5105
0 8655.2186
209906 8668.7093
0 8738.6048
0 8793.2629
0 8804.4545
12924 8721.2555
24 9046.084
0 8756.3859
23 8903.7879
185 8945.5369
0 9012.7311
0 8917.5555
24 8986.0717
0 9073.9674
0 9024.3817
101 9026.8271
3258 8883.8372
1420 8973.6536
0 8710.9588
0 8822.0211
182 8782.1982
117797 8857.2378
2894 8985.3531
99286 9114.6217
1073 9296.5967
2639 8850.626
0 8942.0567
0 8828.1735
20 8812.5869
0 8885.8465
0 8806.5965
44 8880.9208
735 8753.4843
189014 8855.5623
0 8810.9502
0 8844.0249
143 8851.307
0 8903.7794
381 8714.1919
0 8728.094
0 8789.2294
0 8693.3294
943 9043.6035
0 8747.4537
587 8728.8368
0 8679.3518
16 8645.5243
164 8717.6415
337 8739.506
0 8762.8026
384 8720.7748
136242 8695.821
1428 8742.8237
109 8754.7035
164086 8682.2692
627 8722.6927
561 8738.6529
5 8707.6171
0 8669.4235
99613 8675.8361
194 8707.477
0 8855.4741
0 8932.8824
0 8599.2747
201848 8628.9192
0 8615.8548
0 8616.766
141 8637.9829
189303 8636.5864
161037 8632.3587
264 8717.9388
124220 8557.0105
96 8625.3861
0 8534.5796
865 8607.0222
337 8611.7637
2 8612.3875
77069 8563.3934
1107 8560.716
0 8574.8049
0 8631.1774
189 8585.7448
1857 8568.2988
0 8649.6202
0 8648.4878
0 8579.6487
639 8597.5963
0 8624.0943
364 8584.2016
0 8660.7806
211544 8566.2672
1405 8625.0912
0 8648.9211
0 8605.3616
553068 8661.7779
0 8722.5238
209892 8628.8005
910 8604.1361
203301 8634.053
0 8662.5243
135937 8627.4728
544 8686.9401
210850 8733.8699
55519 8674.1214
57 8669.2385
26006 8675.6392
48984 8625.5332
2060 8699.0899
0 8692.5254
85856 8694.3848
0 8661.4121
76380 8679.6881
34 8727.6727
0 8680.1531
7 8765.2964
0 8642.6579
76852 8680.2003
230 8722.1199
22 8734.779
39 8760.8303
18383 8757.2731
0 8718.3484
47834 8720.9943
202779 8716.1463
74023 8734.4174
0 8704.9546
868 8736.679
87374 8859.901
133 8719.2654
210887 8641.0915
0 8669.2216
1602 8648.899
0 8610.54
0 8599.6278
0 8620.9024
95276 8642.743
1993282 8789.2004
133 9099.4434
738 9046.9237
188952 8896.9946
1589 9040.1545
0 9006.9248
88 9040.0859
178 8906.5327
0 8966.8594
0 8990.25
85613 8935.1557
0 8785.2651
210 8828.8576
0 8790.3794
163982 8822.5602
94048 8848.7664
0 8887.8445
165308 8769.6688
1651 8839.0227
0 8867.7545
1 8790.8948
55 8805.8768
0 8925.3381
14 8987.0514
3216 8827.7339
0 8909.3397
0 8965.6771
0 9071.1213
18455 9026.8431
0 8880.0505
722 8815.3608
0 8867.8597
0 8946.2827
671 8937.8242
0 8812.1898
975 8874.7575
0 8680.4108
32 8552.3671
0 8589.675
598 8599.0626
563 8617.0576
1992493 8579.8267
73877 8703.8091
483 8629.0099
43 8639.0582
0 8667.9444
0 8634.496
0 8615.2755
0 8676.3332
0 8645.5022
106 8650.2213
0 8600.014
0 8630.4083
26248 8651.3211
26020 8622.5457
0 8642.7887
42 8658.5944
766 8743.9444
0 8686.6075
20 8611.3157
105 8688.7805
960 8715.1962
0 8727.1077
99965 8696.9724
501 8830.5172
637 8772.8618
0 8834.8462
2273 9001.0419
0 8888.499
0 8852.8208
0 8826.4393
0 8928.0314
0 8791.4738
185 8771.0739
1506 8832.35
88 9120.7731
95418 8867.5039
0 8927.1176
0 8933.9269
106335 8933.9264
0 8888.8793
0 8784.154
126194 8869.6665
211984 8777.6715
18464 8881.1119
71 9154.262
380 8975.1
0 9057.6387
0 9394.7635
688 9236.4668
919 9456.0039
110 9186.0623
247 9336.7668
0 9483.4251
0 9265.0505
0 9309.7016
0 9561.2957
0 9421.452
0 9272.7811
0 8941.5615
107059 8958.2419
53615 8878.3268
0 8947.7794
85 8766.66
0 8685.0204
18391 8709.0837
0 8741.7743
607 8717.3286
73790 8688.1994
0 8755.2502
0 8722.6463
0 8734.3144
0 8760.9934
1200 8697.2123
592 8789.7066
0 8744.5997
0 8754.7504
839 9004.0308
200842 9043.8221
0 8865.9417
0 8830.6355
52722 8926.3193
0 9303.6014
92 9075.2036
3537 8882.102
0 9226.8194
0 8933.2734
215 8899.1368
108079 9271.6053
88143 9109.8057
0 9187.0416
0 9183.1737
0 9159.1564
0 9179.7596
404 8824.0264
0 8766.6025
308472 9003.6285
537 9019.0003
1948 8682.7871
2337 8856.2183
981 8964.5063
0 8717.1185
0 8697.2958
0 8650.9968
32 8667.1337
74894 8770.3257
0 8798.3491
729 8856.7691
43 8855.6688
89 8954.9762
0 8711.1474
208750 8853.1664
0 8890.7335
512 8903.3021
190 8954.4376
107695 9084.0758
0 8815.4283
598 8704.8043
0 8683.7124
672 8758.4021
202976 8700.1668
75601 8626.8253
0 8674.5544
76044 8745.7804
482 8894.5365
76611 8954.4047
458 8545.9085
0 8767.7357
6 8844.1956
52 8912.222
26280 8653.1563
168 8790.5131
895 8808.0242
849 8698.2104
0 8979.8253
124384 8840.8659
1778 8972.3388
549296 9098.6285
0 8879.3152
0 8839.1318
0 8780.2584
189283 8930.9762
202 8845.9749
118323 8950.8974
552058 9078.7139
2432 8712.2487
0 8701.3666
1531 8818.2928
1041 8899.5821
227 8902.8893
200730 9003.5622
454 8929.8077
27 8908.7429
94548 9017.3173
0 8989.0945
7 8951.9468
117222 8895.8084
1992523 9283.1209
1920 8969.8388
86754 8884.6658
469 8999.1229
18440 8873.303
119 9208.7791
0 9175.5044
125136 8871.0275
0 9087.4722
54743 8812.3029
209421 8982.3549
1777 9047.3978
122 8923.8028
0 9067.6354
84 8930.5194
124037 9016.813
0 9036.8491
86144 9045.2786
136980 8859.4536
0 9008.0172
100247 8977.4918
76422 8839.6838
63 8965.6963
0 8854.5282
203310 8829.2472
31 9101.0907
0 8837.5509
598 9013.9944
26111 9101.5493
1037 8957.3572
300 8774.6804
0 8866.5176
653 8861.0062
0 8811.2436
0 8897.1942
0 8765.5113
210444 8802.2378
54145 8984.1032
3115 8922.0238
241 8990.5116
74495 8988.5143
4 8892.6644
0 8916.4605
0 8921.8517
2224 8753.4222
0 8730.0469
204391 8741.8607
0 8850.3781
0 8530.7387
0 8782.5936
0 8807.0935
552566 8814.6009
831 8865.1469
0 8660.8072
106972 8862.6449
914 8824.939
0 8862.4548
336 8875.9266
6 8751.0367
25 8850.4709
203949 8981.3537
0 8696.9621
183 8669.6669
1454 8978.763
0 8710.0516
0 8742.4134
0 8817.2648
86 8844.2328
120 8705.4585
205004 8861.7443
0 8696.2103
1216 8641.7514
202838 8829.0171
200109 8864.851
0 9113.7852
162530 8849.9052
425 8866.3889
847 8825.4943
426 8851.3716
11295 8794.4801
0 8690.2779
87 8707.7369
306917 8726.1995
0 1.17431204013E7
94841 27014.7803
0 18152.9699
237 14572.228
1288 16329.6538
975 24230.4554
0 23895.8223
0 18773.7216
0 20253.7298
1993762 16389.4241
201988 12550.8534
0 10821.8038
629 10874.3966
71 10644.9345
200250 9879.5152
0 9689.145
37 9788.4693
0 9422.556
972 9678.7784
0 12932.1531
0 12415.951
0 10525.3988
0 10343.6354
62 10675.5117
0 10758.7099
111 10197.9771
548 9705.6113
0 9956.6098
550445 9303.2913
26 12837.2329
2815 11007.7598
90 10400.4367
188553 10373.7691
0 10377.2273
72 10429.3155
305962 9757.5376
27 9638.3765
600 9527.7538
288 11349.0873
359 10941.1689
162121 10488.0253
1773 16699.7315
0 9653.1516
0 10135.811
0 11596.8584
74246 13197.2872
1593 9956.3099
185 10321.7201
23 10374.9383
123848 10171.1207
116 9685.0598
0 10073.3794
420 11035.0579
643 9897.3708
926 9968.4984
37 10377.5141
0 9935.3061
46 9703.4141
0 10909.2377
1992915 9991.9672
405 9997.2446
93 10483.9092
679 10162.8759
0 10999.6381
100603 9618.9857
0 11572.1185
0 10403.6709
164224 10855.7801
709 10781.0349
290 10166.5103
265 9930.3792
0 10475.0451
0 10760.694
0 12461.2517
0 24819.9287
209830 12680.7245
0 12121.3561
4 10407.5488
0 9729.9045
1338 9986.4536
317 10259.7028
903 10281.6542
212 10413.3507
0 9435.4618
44 9908.5802
0 10279.489
0 10063.4336
955 9206.8093
308325 9725.8156
0 10580.1752
202061 9810.3585
0 10587.3008
21 10077.1079
898 10724.1841
1787 9781.9279
123731 10541.3296
186967 10504.5012
735 13063.5451
210329 10662.6462
0 10642.033
0 11201.091
188172 9858.546
203101 10465.6274
0 9621.0995
121 9432.8448
3046 9007.2199
48 9134.2675
106854 9061.4503
0 9044.8749
124627 9070.8306
1410 9364.4823
599 9010.5044
11621 9795.098
0 10525.6728
1461 9746.679
1441 9185.9822
11676 9021.5723
48852 8925.1116
16 9693.1631
0 9011.7204
0 9015.7423
130 9334.2423
0 9576.2375
184 9711.2689
0 9956.4565
52962 10739.2756
207 9184.2106
125000 9189.6708
200613 9208.2963
0 9298.3726
765 9326.5427
308554 9417.2766
552722 10358.8145
0 9298.5994
1 9462.8986
0 9255.6075
0 9442.3213
0 9386.4843
307491 9611.3663
0 12121.3236
0 20628.1889
0 13824.2552
91 9628.6203
1481 9845.306
26138 13833.5113
0 10355.405
931 9504.7788
0 9814.9959
0 10291.364
106189 9683.3229
0 13196.5959
1339 25467.3745
0 12274.1295
0 12270.7635
0 9725.9246
0 9558.639
53 9675.1202
87765 13634.661
0 13971.1547
388 9570.6002
129 8927.9269
0 8918.79
1993010 9093.9616
1102 9791.0831
114 8845.8987
0 8964.6079
0 8887.3072
0 8753.9641
0 9000.0474
763 8968.2949
0 8863.627
54 9018.3234
0 8701.0115
435 9140.6558
278 8895.5719
271 9091.7342
48555 8981.3097
552533 9119.6028
1705 11054.4942
0 9900.7982
140 10008.792
18 9888.1149
11 9439.5219
201400 10621.7998
410 15568.0056
305977 10333.1051
774 10106.2066
1707 9867.6664
75411 9837.5968
125946 9721.8056
0 10053.4339
0 10204.8915
925 9798.783
42 9684.7272
0 10041.5023
0 9921.2987
623 9696.1403
3 9873.5373
1919 9923.4333
207448 9477.4887
162033 10895.0147
0 11993.9057
77102 10326.1452
68 10431.9683
0 10490.5423
26074 10512.074
152 10025.8329
644 11082.181
135887 10813.3144
692 9785.1852
1136 9691.9775
0 9893.2561
801 10779.5405
0 10030.111
331 10625.4345
124386 10670.7442
58 10857.7364
0 11758.5096
105 10900.1765
3 10136.3239
0 10018.285
4 9901.216
123755 9394.6345
0 9612.5502
0 10062.8529
847 11445.522
309907 25084.1621
0 12131.3217
49123 11742.3678
0 10834.6665
117756 11349.151
0 10618.6796
0 11036.0038
60 10883.3636
248 10802.867
136363 11473.5846
94 10784.7971
0 11023.0271
231 10993.362
188790 11170.9732
138 16466.7579
0 11116.397
1003 10945.4704
2100 10653.7965
768 11357.7233
0 11890.1668
563 11292.9951
0 11211.6954
1632 11116.6637
136471 12055.8897
1527 15040.4534
0 12734.0026
0 11594.2245
