29217 8341.8799
16885 2950.8546
38446 2897.4481
16797 2848.5707
37110 2885.2912
27094 2874.1624
24101 2894.8333
14558 2894.8116
421 2973.6676
9248 3153.148
3162 3120.6127
25014 2962.6791
15291 2867.6544
19577 2882.724
32341 2861.4402
8640 2859.7858
3334 2843.7833
5271 2865.4513
3626 2858.4243
27826 2867.625
9214 2879.9308
4728 2863.9346
5416 2864.4634
16798 2861.7369
16321 2861.7718
20032 2873.4733
1450 2863.6941
28407 2865.9768
10706 2935.3278
40202 2876.7169
610 2893.9456
7119 2877.1621
11279 2839.2576
381 2868.326
17567 2855.3312
3542 2857.9339
3701 2873.854
35544 2867.6278
17861 2858.8432
3580 2872.4584
13239 2873.8595
154 2846.8152
4761 2839.6323
7821 2874.0303
1168 2853.0388
14811 2867.0887
17562 2861.2642
1752 2847.0109
5212 2883.1429
30499 2866.172
11560 2918.3349
12536 2861.1635
9164 2856.3601
15499 2876.9642
18398 2863.7656
32076 2882.2349
4985 2860.7814
19639 2847.2024
16016 2867.226
1212 2839.0275
2696 2865.1123
15749 2858.7453
33626 2856.29
36226 2862.9253
6122 2859.02
2403 2857.4455
4696 2861.6623
15521 2859.263
26032 2866.8758
13926 2862.3636
1340 2890.3144
18762 2880.7882
15315 2918.4199
13451 3049.303
16189 2956.0992
10667 3013.3531
736 2869.2973
1804 2887.6261
10071 2868.5545
2984 2856.3549
10726 2872.9319
38788 2874.2515
39801 2862.3174
9764 2875.9932
16048 2861.9191
31759 2881.0903
9819 2858.7203
11354 2840.4551
30191 2875.1161
29936 2873.8094
36300 2862.1235
22218 2883.1974
27425 2871.9848
22860 2851.7685
14496 2860.2144
37845 2850.8154
23557 2858.5011
12406 2847.915
5186 2846.7649
28013 2875.1972
16237 2839.0974
40590 2874.4725
7611 2863.2068
14045 2850.0135
8730 2852.5355
39951 2855.9342
39752 2883.7009
35626 2865.0247
37592 2861.7825
18338 2855.9822
6684 2873.5263
10835 2840.8985
34574 2998.0292
17439 3000.9945
20763 2934.1018
11248 2875.0166
13458 2854.0134
2606 2865.2233
39845 2866.8839
1279 2854.1
38112 2871.7626
25050 2891.5164
25681 2872.8822
7875 2863.2323
24894 2863.4427
15648 2870.3147
12477 2862.7606
19030 2899.0814
12944 2862.1464
9870 2851.1446
21331 2879.8234
12273 2853.2029
14292 2863.3444
37543 2872.5702
39991 2870.2953
16062 2859.5122
1506 2839.206
33164 2867.717
13751 2845.042
16331 2861.68
6121 2856.3497
6886 2857.5957
7318 2860.4627
17293 2894.4071
286 2861.0133
19908 2868.3922
10712 2856.1108
43603 2877.365
19773 2864.9766
34049 2863.9084
25061 2883.6701
3299 2863.1302
5214 2860.9195
15749 2863.5948
26904 2854.2847
84 2863.2839
19316 2861.779
9729 2846.5577
6186 2869.5657
10830 2863.0008
18595 2855.3384
16184 2871.4339
23541 2881.2585
1822 2871.0839
20760 2865.7876
1284 2860.3017
17606 2873.3748
13577 2862.1416
7997 2850.4834
15412 2864.3345
22719 2863.8824
18606 2863.8051
14896 2909.0145
17918 2857.868
16910 2834.3958
3007 2867.4769
6093 2845.7865
26128 2876.7483
27495 2865.4245
2509 2853.0467
7775 2862.6784
14734 2848.3282
38870 2869.6186
13302 2889.0666
29197 2871.2202
9006 2858.1876
18705 2843.442
13442 2854.1021
38929 2878.5544
10672 2859.5697
1866 2856.2373
7833 2876.1747
11540 2860.7087
10217 2853.7068
10301 2844.5507
10073 2872.4882
2825 2867.5941
9491 2851.7796
22727 2862.5473
23065 2878.5837
13968 2862.7314
4449 2863.5289
15794 2854.1606
16411 2865.066
29833 2853.9511
15257 2863.7933
27731 2870.5557
18354 2850.0833
1217 2856.3013
37479 2854.3993
9417 2871.8467
39666 2870.0406
24221 2861.6205
4739 2847.1743
6826 2865.8289
18299 2891.4914
1520 2860.3447
36683 2847.5083
6685 2857.6175
10032 2835.193
24608 2891.3029
33454 2864.3482
1100 2842.2092
8759 2845.6973
14974 2841.7937
19388 2871.1075
2852 2866.6271
28019 2859.5872
3776 2852.4564
39521 2858.6803
9291 2854.4541
41929 2866.1907
11700 2841.7506
16504 2866.7222
16620 2823.2324
15994 2850.5871
32143 2861.4595
3268 2850.1444
4547 2872.0718
10071 2850.4229
11589 2863.0164
14033 2858.2221
14743 2849.7889
6922 2855.1056
22629 2849.1061
21759 2862.6743
15981 2848.1958
40813 2846.8064
7201 2871.101
5835 2843.9963
11319 2846.4811
12866 2880.2379
17539 2843.4222
34174 2869.2607
17838 2847.3127
589 2851.256
6231 2868.6404
17688 2846.3745
11499 2871.1817
32140 2868.4608
14997 2856.6125
5061 2876.7856
8490 2872.6679
29221 2877.8545
9347 2859.6128
1815 2875.6948
33660 2876.989
29704 2881.0774
1960 2862.1775
18906 2869.848
4337 2863.6441
5028 2870.7689
17921 2899.2025
4270 2885.8695
17192 2852.7388
8343 2857.9837
31646 2875.8864
17592 2856.7891
11481 2872.5496
7205 2862.3937
39735 2880.5664
8055 2853.6378
6072 2838.3364
4245 2858.3849
16330 2853.4621
480 2847.5218
3695 2864.914
25636 2885.2506
31607 2872.3434
5857 2858.8599
23863 2977.147
8779 2881.5101
2579 2871.3632
11607 2866.5304
9487 2846.8364
1174 2845.0322
12988 2858.546
12302 2845.6597
19053 2890.0773
19205 2841.3958
14990 2859.4841
18100 2882.6801
16778 2848.1454
9279 2860.6502
16382 2848.0732
11784 2855.2874
14005 2862.157
4082 2845.0057
11463 2866.6087
11900 2863.1044
10064 2864.8082
18311 2857.3257
186 2859.6316
14185 2875.0945
17057 2838.481
12939 2859.0486
7126 2870.6854
23338 2866.8024
17679 2859.0812
3461 2853.1955
6497 2882.4823
1421 2846.5578
19736 2863.8353
5337 2882.3183
38869 2849.0538
11187 2898.317
13379 2990.6462
37569 2868.9409
7667 2858.7549
14280 2871.4129
9269 2843.9046
4614 2866.8741
13735 2834.9476
9946 2856.5024
11516 2843.341
33405 2905.5889
4633 2939.8588
2674 2858.6989
14650 2874.688
15784 2858.4716
22926 2883.9534
9663 2871.0439
4407 2843.4881
4447 2883.223
8388 2830.1712
5550 2859.6381
13562 2863.4285
19626 2854.6874
15492 2880.5925
4703 2856.2289
10298 2885.6926
398 2868.4026
37953 2864.1708
38532 2879.6608
3369 2832.7121
23456 2863.7235
1497 2860.0514
4142 2838.5462
13253 2868.6716
4919 2849.6554
8791 2851.5305
19707 2856.1956
14938 2844.7487
31220 2862.1435
13949 2841.9065
2583 2876.9553
7317 2847.193
34204 2863.4139
16139 2849.5928
12418 2843.4703
5000 2863.125
17930 2908.7042
17236 2925.7478
36243 2895.9587
17920 2844.6132
4338 2865.8631
11206 2866.3934
14001 2848.4223
17974 2867.753
12580 2850.7734
7904 2857.8543
15075 2850.7654
22276 2862.6741
2753 2867.9133
28201 2872.0467
14798 2868.1378
15075 2857.874
6501 2842.8645
35488 2870.5681
24672 2872.5887
19092 2851.0756
39743 2891.9575
11468 2851.0162
6440 2856.6042
16725 2843.5561
43444 2874.8387
18378 2879.992
3370 2848.4164
9408 2871.5987
30099 2856.3116
1530 2855.298
29458 2890.3364
6118 2866.1778
9948 2867.7649
6670 2869.7322
2335 2868.2405
349 2854.5916
23779 2866.2244
4108 2855.0456
7600 2854.5643
18788 2851.2051
6350 2872.089
18069 2839.6022
3468 2864.0522
23640 2861.4051
31481 2878.0796
13720 2863.1418
11412 2859.6893
6795 2851.7332
31705 2856.0373
1150 2858.4162
17335 2865.3957
12401 2857.4361
39754 2878.4075
19557 2855.5517
6895 2864.5768
13008 2862.6845
15615 2862.722
122 2888.8982
42386 2868.4355
25263 2866.6934
3877 2858.2635
2888 2850.528
1944 2864.6226
5311 2851.9976
5074 2852.4937
12214 2849.2178
6205 2857.2405
17451 2865.4617
31803 2859.6873
36730 2866.2119
22481 2875.603
26366 2894.1067
12011 2887.2816
15232 2858.0741
15301 2889.7137
5391 2855.9853
28380 2868.1954
9860 2859.6676
32998 2879.9571
11031 2884.5199
194 2856.0062
1209 2860.6321
12025 2867.239
17092 2852.7973
830 2865.9453
18006 2861.9231
31937 2848.1174
6370 2882.648
3002 2853.0658
18082 2922.2524
695 2859.0325
5834 2867.6185
3386 2856.9542
14576 2963.7699
35340 2999.0136
69 2942.4324
4668 2894.3489
15549 2985.5465
25756 3022.642
16042 3065.6598
6024 4450.3168
490 8718.3013
13781 8569.0692
5907 8409.9386
4493 8664.0549
9132 8381.0574
15912 8955.6364
9136 8527.0544
4152 8379.0909
14070 8352.3735
16666 8310.3231
13294 8372.6959
17056 8353.7149
14686 8335.1648
35645 8362.8883
5965 8365.9399
13360 8355.8253
41893 8426.0011
37931 8387.515
2664 8354.9786
14826 8365.7947
3049 8374.6602
20786 8380.0154
961 8335.9644
15192 8395.6036
9973 8359.5216
41599 9180.5209
7131 13158.2196
28161 8424.5412
2794 8350.822
11482 8525.9233
26771 8287.174
17226 8318.6694
18553 8420.4635
2269 8283.3615
22873 8508.6432
3917 8515.96
29054 8658.5054
1465 8371.3267
2755 8418.6357
3931 8513.6164
7535 8414.2591
16614 8610.4654
31438 8561.746
6307 8456.4283
3175 8304.9775
36009 8337.5953
5939 10166.8772
17098 9089.153
17790 11293.9926
829 9581.6523
11492 9261.9502
21594 11406.748
12988 8586.6607
15387 8522.4605
42255 8467.3648
16047 8576.9429
7041 8611.1375
33050 8506.4325
9603 8439.1791
4169 8416.3219
16268 8600.8291
32696 8594.8256
15533 8546.6044
13958 8368.2792
31828 8416.8394
19286 8451.7983
1164 8563.0081
720 8673.9525
5785 8649.1012
3084 8377.9702
863 8326.4632
13621 8351.7973
3289 8369.3944
19330 8500.7489
20263 8402.1626
28514 8373.5987
9260 8360.1212
8802 8338.0048
15861 8694.2021
16564 8672.0033
7825 8894.4391
35496 9161.6456
5809 8582.2408
408 8672.6578
36017 8790.2885
20386 8709.3847
41959 8623.5031
19320 8600.4887
15035 8517.6924
38307 8734.3003
17456 8582.0336
12478 8683.821
3118 8595.1419
2812 8536.3807
41807 8695.0403
18253 8452.9837
2149 8701.5989
42029 8589.4123
27570 8621.3017
1199 8404.141
18723 8637.1238
13127 8554.5378
11002 8412.962
3846 8405.6354
16832 8385.9254
7658 8443.8537
14757 8390.2064
7388 8460.3628
13859 8527.2054
13401 8407.1858
10713 8429.3627
1685 8427.6377
551 8449.8156
30849 8396.301
12671 8449.0463
17012 8422.9946
15934 8465.3511
18428 8442.8396
29087 8526.857
19523 8433.2586
13800 8526.0888
19360 8455.8887
36630 8527.5437
4299 8475.015
18261 8417.8071
7227 8457.1974
10567 8482.4988
7685 8416.8466
3773 8463.2544
34726 8456.6458
23667 8428.8694
3250 8355.1887
21624 8459.8444
11019 8438.3759
13447 8390.5953
24109 8501.7837
10209 8558.0607
18991 8606.1292
10458 8535.7971
23757 8579.5776
9890 8695.6661
5819 8653.346
16299 8632.2508
9259 8636.8099
18987 8755.6366
36830 8564.0496
11264 8560.2333
13357 8555.8552
7405 8559.7835
17692 8474.2733
18114 8404.5458
37729 8414.606
22749 8433.4205
2543 8723.7293
35557 8701.8108
5787 9771.3097
4356 8762.2928
1681 8798.134
2067 8662.128
6135 8629.8218
10188 8663.713
15555 8756.9362
4088 8659.7583
19087 8662.6818
3096 8552.0563
4234 8528.5784
6199 8532.2302
4841 8556.5472
11413 8983.9064
3990 8730.3566
18110 8754.9691
3179 8414.9916
2443 8457.1073
16736 8443.731
12065 8470.8755
5449 8406.9514
5248 8483.8235
44014 8506.6164
19843 8447.2418
15335 8443.7273
9089 8448.8796
1099 8477.3085
31005 8445.8357
31262 8503.2851
656 8477.4762
18620 8450.6902
16904 8395.04
18204 8553.2121
26351 8443.8926
34693 8384.9897
18259 8422.6137
11754 8471.2574
21826 8428.5592
21292 8506.4875
8972 8573.8744
34285 8635.4051
5054 8422.7258
34218 8396.2265
8449 8456.782
37151 8416.8131
15343 8382.3244
6205 8394.2583
7453 8430.2884
7740 8443.7021
10998 8430.1451
14144 8560.1607
8091 8442.0679
15673 8365.5402
10843 8409.7688
17220 8380.7028
27079 8396.8197
11478 8361.4077
15708 8451.7898
6346 8386.772
21358 8394.6222
4689 8438.0312
8587 8414.237
22900 8396.5263
24766 8370.4281
5080 8414.0357
17588 8405.7081
17883 8514.2058
4193 8697.3347
7315 8642.5051
6121 8413.232
4584 8383.7171
12805 8440.4007
22201 8399.7057
2352 8363.9393
20257 8449.5321
24551 8447.8751
15940 8400.3654
29220 8607.4027
29189 8608.5086
3190 8596.7546
31270 8575.6293
12390 8501.3666
7634 8609.3412
18272 8570.103
14116 8676.36
5380 8513.6439
2370 8504.204
19143 8413.002
27035 8362.297
35794 8439.8093
33252 8355.7698
14450 8469.5176
27190 8606.1426
85 8452.1801
11186 8387.532
27710 8423.012
15485 8384.8218
1362 8419.9332
12594 8416.2667
11907 8334.1606
14595 8423.8008
35940 8528.0516
6773 8568.0813
21782 8601.9286
39884 8571.4898
496 8623.1542
1672 8520.8946
19331 8511.7598
12833 8690.6089
848 8564.3267
9588 8511.2762
11731 8615.4492
38452 8622.557
71 8477.0907
15926 8408.074
15242 8625.2369
4721 8660.1782
5300 8757.5442
12806 8779.0417
17237 8943.0516
13975 8520.0396
150 8407.0603
39878 8388.2414
20203 8424.4004
6880 8388.6745
10964 8390.3374
36367 8445.5103
12953 8379.1589
36382 8401.9474
15916 8356.008
17106 8452.0343
14942 8435.2359
14226 8392.749
7338 8932.416
1569 8413.4465
9893 8408.7275
8111 8470.4454
6607 8488.0919
13842 8609.3336
10207 8700.6294
12307 8500.9253
9562 8527.2671
1775 8645.6141
29110 8466.4163
32685 8643.8982
28041 8653.7148
19321 8593.3753
4931 8755.5445
9905 8578.798
17755 8620.6993
2074 8517.3849
38743 8598.5342
17609 8370.4241
16441 8412.7251
8222 8510.2258
12823 8370.191
11143 8381.4204
6810 8428.9992
39918 8427.9329
14194 8360.8378
15457 8444.7081
9046 8446.1589
4135 8377.0562
1098 8426.7136
2527 8428.7246
8372 8394.0798
13704 8400.4617
15020 8420.2396
6550 8451.7829
41171 8407.8048
16103 8404.4191
42456 8440.0151
36016 8432.5719
33496 8381.8747
5642 8367.9658
8545 8412.422
5635 8327.534
17241 8537.7952
13993 8420.0875
4784 8406.0658
20773 8363.8423
4962 8401.7709
16392 8379.9346
10888 8328.8886
16189 8371.0686
13730 8404.0871
6139 8356.0071
7729 8396.5806
15341 8398.0912
2532 8571.0299
36682 8351.0394
8161 8352.9517
10423 8393.0396
10827 8340.9151
18453 8604.0412
2248 8668.7244
4155 8617.7374
27368 8399.5311
13084 8510.3401
18107 8586.8235
8102 8445.9051
17380 8452.1478
16466 8516.71
8433 8573.7677
4193 8500.3021
7733 8432.9772
14516 8650.1264
15034 8706.6263
26490 8724.3552
9889 8428.8666
15701 8421.7618
3668 8460.279
1346 8312.3643
14778 8382.1133
22923 8527.8678
16060 9113.0386
15821 8640.8815
8208 8758.4358
12094 8722.9513
11415 8692.1264
6355 8416.4196
23570 8503.4905
9327 8448.1479
16797 8502.9711
20209 8559.2633
28071 8539.0672
7637 8609.6973
33425 8380.5894
10206 8480.332
10286 8599.0581
17600 8578.0442
3537 8518.5085
31716 8449.7698
14299 8502.2463
8220 8542.8776
14596 8357.7337
12463 8730.5795
7134 8651.4331
37362 8694.0755
30935 8574.5811
36610 8608.9682
18770 8483.1481
40949 8398.9623
25692 8384.7792
11677 8424.8201
1547 8417.675
40017 8342.4578
10827 8425.2188
14509 8487.3497
1739 8547.6102
14127 8566.332
10479 8691.0195
39802 8642.6045
1933 8465.397
15974 8467.5428
24719 8515.4904
4362 8510.5203
7986 8593.1696
11438 8495.0742
15867 8567.3867
16185 8517.6434
6578 8385.5825
13169 8486.7932
25676 8566.5076
39025 8947.3754
3183 8607.4165
9360 8410.0425
33136 8448.5739
6821 8404.7537
2630 8752.4912
40955 8615.2953
287 8743.2024
8488 8494.6039
28749 8520.0907
14311 8621.3644
241 8481.8101
8963 8411.7087
1463 8379.4613
6999 8390.0461
24129 8420.5436
231 8345.5475
3568 8395.5469
140 8420.3528
15147 8378.9891
16092 8400.5989
11896 10087.6701
18168 15165.7042
2814 8515.0589
2681 8602.4066
18977 8463.0421
10143 8398.8408
13936 8372.5813
14908 8505.6804
16175 8494.5664
1648 8531.955
40421 8463.96
27260 8541.7132
2342 8424.9104
4156 8491.1295
242 8534.9767
2182 8515.4618
1002 8513.0285
6596 8574.4135
17230 8461.6243
741 8319.0233
560 8403.5043
9061 8366.1162
28117 8520.5307
39707 8545.1113
17177 8477.7524
18040 8621.6117
9074 8550.2765
12997 8522.2549
16601 8461.3803
2378 8467.0873
13012 8386.9137
6775 8548.3176
818 8481.317
10052 8534.2058
7977 8457.713
17912 8375.3232
6727 8364.4782
12573 8315.775
17040 8407.9849
25453 8341.262
25580 8308.3467
1277 8366.5284
9391 8442.2092
13683 8549.5592
23683 8370.9165
2983 8541.7715
12720 8692.1411
3860 8569.2904
14893 8705.1381
41058 8586.5094
25592 8426.1323
22654 8462.4502
29052 8611.1067
20017 8582.4967
939 8590.5536
4872 9227.3701
7394 8915.2857
6830 8651.6006
7824 8619.2435
2750 8438.2149
2229 8304.6592
15456 8591.1604
13241 8353.7254
8787 8292.6049
12022 8400.3197
11494 8501.4863
298 8554.7072
969 8451.6912
13633 8432.1783
7191 8576.3555
11442 8341.3033
20378 8580.821
7507 8503.2053
8939 8652.9304
12429 8365.9108
7580 8544.6781
8396 8359.0787
16249 8525.039
1252 8668.8728
6683 8549.349
9093 8388.3495
9893 8572.3878
16985 8669.8066
3855 8458.9288
19297 8567.1809
425 8588.7636
40751 8394.9291
8296 8443.8124
