2905 9973.4305
10930 3200.7616
43256 2998.6266
30728 3118.0137
9541 3041.5486
20056 3310.6683
8167 3155.0353
7028 3085.8161
16841 2978.6445
22576 3060.427
15329 2931.0562
20221 2949.6111
16785 2945.5093
15279 2951.1236
26947 2964.3247
16195 2907.5761
18821 2900.0888
11093 3019.559
33317 2960.1604
9627 2955.1896
4517 2999.641
9371 3030.3293
17447 2969.3591
10180 2925.9449
6776 2966.622
16688 3057.1357
14079 2972.5997
7187 2943.6498
15554 2986.0775
14618 2985.2372
6613 3037.3974
18970 2968.1078
2523 3002.3308
32486 3514.6953
24339 2953.3354
18337 3442.4851
28788 4723.2492
15134 3874.2852
5503 3342.613
8639 3367.3857
8858 5430.1161
27 6828.9879
1516 3460.7886
10125 3458.0851
9422 2969.819
12526 3005.8282
29786 3002.8952
8777 2966.0824
18729 3073.6682
3164 3163.0987
9357 2979.8748
17741 3037.6036
6077 2986.9306
18827 3004.7063
6299 3021.0985
10936 3121.6361
15625 3016.3171
18867 3077.6822
2954 2980.3566
6154 2927.7504
2191 2982.9377
38004 2985.5316
10034 2948.239
19030 3118.9822
1741 3034.833
16775 2942.3381
17723 2948.2512
26116 2938.7917
3878 3052.4697
19541 2936.9789
36212 3267.093
18358 3479.0706
9066 3052.0383
17391 2964.2322
5665 2973.2272
19974 2898.2875
39091 2891.0075
2815 2913.1059
9597 2987.4307
4451 2904.7264
8871 2954.3897
3967 2926.1372
15302 2928.8127
15571 2888.4083
18248 2882.6357
18818 2899.3469
13797 2907.1693
18576 2869.0517
7250 2905.8339
13109 3011.6036
34958 2963.8116
12410 2864.3229
9811 2978.2763
19082 2994.4475
23390 2900.0229
20861 2916.2163
35974 3016.725
37272 3027.0267
15063 3330.9789
13172 2953.8384
22922 2921.0688
2976 2992.2865
13898 2973.1174
28012 3036.3133
10947 2929.8795
21100 2901.9225
22040 2898.9991
7656 2883.8274
17225 2864.2528
21300 3005.4667
38423 2882.514
870 2900.7241
2773 2856.9274
9268 2967.1124
374 2939.4887
15668 2872.0265
16377 2890.4391
1086 2834.5984
18569 2943.2899
3256 2966.3656
11456 3026.9743
5137 3245.426
1890 2949.2909
19258 2904.3525
528 2983.6683
2358 2914.2073
7835 2882.1048
19393 2864.8461
7772 3142.5251
27618 2900.9276
26639 2976.8711
892 2928.1793
2938 2919.2937
13554 2948.5685
20724 2921.2395
27309 2966.4737
10555 2961.8939
5966 2922.288
21659 2944.5431
12266 3000.7299
14734 2960.6835
8393 2873.7697
16563 2878.1513
8363 2970.0246
32388 3039.8436
13553 2921.8692
18534 2923.9483
8449 2881.641
19088 2884.9372
17632 2912.5602
16437 2961.638
29081 3047.8962
3221 3026.3808
6360 3030.3093
1439 2991.5588
10912 2901.0034
6731 2879.9866
128 3035.1636
11308 2975.8533
25904 3119.5235
11469 2989.2638
12485 2910.9581
9631 2862.1149
7406 2962.41
9081 3065.1551
8644 2945.1044
17280 3166.1252
30128 2925.9252
7458 2859.3837
31369 2882.5349
12031 2868.7954
10685 2880.0656
13901 2858.4027
13199 2849.7989
7262 2856.0827
32089 3005.8659
16709 3083.5926
13078 3050.5682
13363 2929.8004
16729 2963.1322
8020 2977.0242
8169 2957.4369
35830 3063.9094
192 3081.7684
10213 3038.1997
14283 2917.7877
39260 3115.678
14035 2972.1786
2582 2912.0034
13919 2968.0508
5581 2968.1482
15320 2954.6836
2847 2997.1071
27417 2959.6812
17564 2957.592
4692 2853.4941
15250 2846.6503
40822 2923.2208
4970 2851.8384
5100 2871.1174
5911 2861.1413
2767 2865.2572
168 2878.0745
8046 2870.7313
37513 2869.7574
12744 2851.5029
18864 2888.6417
36845 2882.9414
13317 2857.3037
27456 2865.2495
1669 2861.9556
2657 2895.4797
19205 2868.3816
9513 2827.2983
3251 2862.7429
3022 2864.0231
4058 2857.983
3693 2854.8359
18579 2855.6724
3811 2876.7416
3387 2857.6286
19111 2881.0333
34040 2938.0811
7452 2858.897
12419 2877.8721
16786 2858.4342
36167 3044.1976
4485 3021.7253
16725 2907.7886
25479 2891.5736
1846 2849.7896
13571 2863.4229
10670 2848.5288
12846 2850.2483
7948 2857.0671
25779 2910.8302
10388 2878.2889
34613 2841.9879
9775 2863.5792
20045 2858.0002
14810 2865.283
33133 2861.7809
2862 2850.1481
18927 2851.4221
8663 2834.7284
21784 2866.2388
32791 2878.1508
19950 2892.7621
35127 2871.7814
8601 2851.0874
19365 2882.786
19070 2868.5458
36006 2865.0529
19318 2871.1029
38708 2862.5635
718 2851.87
14362 2853.9267
10174 2828.3375
19086 2857.1025
9896 2855.9865
18074 2868.8866
9778 2837.9125
1461 2871.2559
40526 2846.0177
34219 2899.283
4135 2918.5892
12379 2858.3108
9705 2849.3017
18255 2878.2793
16248 2877.0841
13815 2883.0753
36081 2860.0503
41824 2870.8585
4800 2847.3132
39293 2840.5035
5879 2865.5174
14548 2842.0766
11135 2858.1633
20400 2872.8118
13027 2962.5963
315 2883.4078
20581 2859.6768
9716 2888.3461
5820 2880.0945
8567 2860.6583
12343 2874.6156
3883 2851.6482
6664 2854.309
7374 2869.5194
8910 3034.7117
15658 3003.3803
17146 2861.5574
29050 2888.0793
7446 2858.1933
3417 2900.6139
5869 2892.9997
16500 2842.5976
5588 2869.3671
16417 2855.9566
16097 2890.0981
12844 3198.788
37546 2897.6413
13520 2913.2553
4949 2936.861
8460 2962.983
9992 2928.8856
141 2862.3539
2932 2966.2443
12657 2935.3402
4005 2895.4999
5871 2881.3341
22306 2864.7342
31807 2919.9976
1545 3012.8104
2585 3014.5593
9423 2940.6615
9001 2934.0785
11825 3004.461
1811 3338.3676
12632 3275.8059
3293 3865.6944
14728 3335.5113
13990 3502.8978
18121 3301.3814
1520 2997.9799
1285 2898.0593
13687 2877.5833
16757 2920.4906
7100 2991.7426
10188 2908.1958
9533 2895.8789
31383 2952.9304
14848 2902.0398
39354 2877.1524
27860 2928.249
3729 2947.4517
18665 2961.591
12736 3649.0887
23856 2957.5913
2384 2969.5803
13490 2932.3877
17872 2933.1916
2161 2956.4112
15066 2943.3677
8594 2945.0228
7822 2994.1367
25384 2904.8452
21749 2881.111
6279 2916.8303
6002 2915.6217
505 2868.073
87 2928.8023
6149 2983.1586
11974 3040.5635
29889 3293.3402
6063 3040.1263
38451 3587.5881
13629 2958.7897
28603 2944.5582
26166 2963.7114
13204 3046.1665
3213 3124.6575
38688 3036.3406
32267 3066.3818
12264 2922.274
5027 2970.0651
16060 3087.7528
30070 3073.7764
8369 3070.3443
19111 2976.2177
15403 3012.2297
37664 2987.88
38281 3000.5304
10435 2986.2573
22235 2870.4119
17990 2856.583
27542 2924.0839
17050 3064.3102
29478 2946.7947
19164 2965.226
5450 2953.2049
32403 2938.7547
442 2949.5191
16715 2911.3784
11679 2976.375
27513 2879.7976
6574 2947.5767
16877 2996.1327
26723 3019.6028
15414 2972.2615
19762 2896.7311
507 2913.8082
24798 2921.9044
6278 2992.0178
15052 2962.2777
18837 2963.5741
10937 3101.0293
281 3023.6792
39088 2936.3789
327 3011.8802
9095 3013.4023
30929 3164.3991
13828 2924.0438
15006 2872.0917
38548 2918.8519
16181 2966.9478
14895 2952.3329
27365 2997.8751
11459 3088.5141
32306 2954.7263
17589 2961.5541
35896 2919.2114
10752 2994.2441
18522 3006.2063
11100 2925.5293
1516 2999.473
21848 2994.4251
25127 2943.8617
11547 2935.672
1911 2973.6874
24658 2893.3578
10603 2881.4454
16515 3049.1553
221 2926.026
4563 2960.9135
18754 2965.3315
16967 3066.5195
16907 2957.4746
11197 2936.6276
20087 2984.1856
16830 2955.8894
23 2956.8072
570 2986.4611
2280 3016.743
16995 2945.8167
8030 2901.6923
1980 2986.1716
15965 3014.3503
7565 3151.3986
17569 2982.2786
73 2987.7454
4102 2935.497
11929 3034.2197
41320 2999.9092
30911 2958.2835
4989 2936.6086
6773 3009.7318
23993 2943.3463
14595 3066.9461
14525 2881.7023
13893 2878.997
16365 2926.5819
5822 2850.4822
4003 2856.9535
17701 2841.5059
1311 2976.5953
14401 2933.0872
14690 2930.6807
13403 3059.8066
15075 2880.2056
257 2869.545
7124 2819.1992
23285 2869.1877
5661 2863.8663
9575 2871.9034
10535 2869.7327
11724 2872.4591
31426 2866.5768
14947 2856.5171
10085 2869.9349
13706 2865.3611
16058 2836.8976
6338 2861.0579
16347 2859.3579
11197 2856.9874
16401 2933.672
14219 2843.2987
2211 2867.554
31687 2852.8444
1452 2871.1401
36787 2866.9952
10283 2901.0578
2808 2937.9638
41461 3384.3432
6587 2967.7265
2869 2924.0925
5686 2903.4012
13064 3046.9231
15647 2884.6971
10025 2864.0478
16769 2856.2394
14264 2832.8917
5147 2836.7868
11714 2834.6853
7477 2835.9686
19645 2858.9596
15784 2878.6432
5993 2908.3621
3365 2856.064
11709 2871.8279
17212 2861.9048
24561 2885.2931
569 2855.1357
6897 2830.6987
7259 2862.3952
12296 2871.1027
15042 2867.4204
17167 2852.4403
39215 2886.7967
5992 2891.7933
39294 2849.1389
7606 2891.4166
8571 3323.8966
9587 2867.3801
14139 2874.5872
15613 2855.748
6145 2864.4777
4011 2830.52
21270 2877.1959
19418 2866.053
11358 2847.0768
4825 3062.9196
24050 2965.3378
5692 2884.2125
2671 2870.3234
31671 2869.8759
41869 2872.4618
22828 2869.7722
7662 2863.5776
13473 2872.0882
35048 2845.9234
16707 2848.3233
19589 2848.9461
35942 2871.967
7968 2833.3106
8441 2856.2712
39068 2870.5576
7976 2849.1855
9986 2894.397
8511 2866.4255
37694 2878.1716
15577 2864.3946
4066 2892.9751
28596 2875.0183
5587 2880.6646
10596 2867.0217
7245 2851.2943
19075 2839.1333
24069 2873.4577
4417 2847.0454
13960 2870.2561
15135 2842.4948
23502 2867.8435
25033 2865.5877
17294 2837.7841
4209 2848.3971
5593 2835.8877
37788 2864.3113
5341 2872.1664
6118 2834.8352
28364 2873.2745
23872 2841.2887
19101 2876.4993
15319 2843.9942
27292 2850.9573
13800 2853.2369
6413 2842.5293
10092 2869.0816
24144 2858.8788
22323 2970.1745
12384 2906.0935
9538 2846.5726
14497 2856.3479
13633 2833.208
14605 2852.6111
13482 2873.7192
22004 2835.8489
4220 2846.9787
104 2828.782
15158 2851.7366
11021 2842.6484
16455 2860.7755
8003 2864.9058
28953 2850.1221
17586 2881.3667
16744 2848.7567
17239 2857.6303
5080 2914.0807
2618 2872.7616
3603 2889.9905
6719 2847.2556
12001 2870.2778
1241 2833.9758
12416 2884.0849
18265 2876.6304
14216 2846.1926
7378 2839.1701
7127 2838.5493
31101 2881.6861
1946 2880.8879
9472 2843.2038
16476 2851.2425
28452 2863.391
2377 3092.6997
15334 3010.6525
30488 2884.1201
17800 3111.8185
7856 2872.3367
30469 2880.3673
31593 2856.2622
3216 2868.9661
12875 3363.5827
12444 3010.9138
14443 2971.183
1741 3093.7494
10281 2896.3867
24101 2888.2627
1360 2835.5536
17476 2865.9562
14848 2843.4769
38783 2865.5536
1926 2851.2415
35925 2865.2324
1936 2861.3725
7220 2904.2425
502 2836.3621
17740 2847.3958
10434 2850.2112
15991 2863.6303
11716 2828.2791
10618 2872.3404
24775 2884.5487
13155 2924.773
3507 2980.0352
4842 2957.6768
39596 2884.3672
9040 2874.3559
14168 2866.1349
2594 2931.6545
25017 2860.6965
7115 2855.8247
7388 2900.5183
7912 3003.1125
17150 2861.6043
2938 2842.6249
3510 2879.2563
2451 2863.0752
10438 2879.812
19060 2866.7779
3483 3023.6518
24483 2890.5438
11206 2863.6849
363 2862.647
419 2864.8259
3952 2847.2143
29515 2890.6618
17092 2840.518
11100 2850.6414
30912 2859.5498
1655 2831.7782
13174 2867.4347
1 2872.0906
15240 2883.6897
4699 2847.6914
40928 2862.2837
28850 2858.2902
7225 2825.0332
17804 2960.8458
34907 2880.4829
10126 2872.334
11789 3348.9744
16862 2903.2936
33941 2909.7205
9782 2897.7132
11468 2846.1471
40805 2867.7697
13378 2839.9282
8565 2854.6607
6515 2849.9253
26543 2864.5512
10996 2875.3087
11802 2846.9572
13323 2880.8927
13774 2853.9897
37760 2852.065
5309 2849.6992
5033 2826.4033
19902 2874.2846
13019 2860.7087
3876 2893.8172
12554 2872.0417
12983 2857.2261
25240 2886.4917
4458 2881.4194
1286 2848.7643
17248 2859.2364
15458 2856.6576
305 2869.6959
15181 2842.713
26512 2855.5293
18697 2846.9878
37135 2903.6669
11902 2866.1704
24368 2858.3746
10516 2857.4913
12766 2846.9193
13205 2875.9117
17566 2891.7007
22389 2858.0726
16469 2856.894
26678 2872.554
5066 2849.8089
17623 2849.2192
8458 2862.88
17883 2866.2186
7059 2855.2141
17976 2896.1615
15642 2865.7605
2595 2858.969
15182 2968.8475
20987 3067.6195
3985 3005.3414
25878 2998.1431
18479 3009.8347
33303 2996.0967
39038 6032.8078
4158 7376.097
14122 3312.0637
6281 3147.4486
11742 3095.5168
18984 3053.3637
1170 3151.1359
7166 3083.5709
41423 3038.135
17338 3021.2656
6884 3083.7074
23071 3123.7468
17487 3075.2686
17143 3058.0618
20174 3028.9382
3789 3084.5572
19955 3044.2874
3955 3193.3152
12093 3161.1907
24673 3080.6224
32527 3022.6719
5468 3104.77
14747 3127.2178
1859 3063.8581
18321 3021.2094
1895 3063.2781
3224 3114.3569
18068 3087.2942
6927 3118.6705
27231 3075.3008
12234 3101.6614
7864 3008.571
7672 3018.3112
17268 3112.3063
4505 3109.5959
17094 3036.5294
15612 3061.7551
4282 3068.8801
18501 3086.3504
19900 3039.809
27268 3006.6265
21958 3047.959
31848 3071.4212
15725 3217.5108
2623 3075.0086
32699 3104.3696
11284 3151.7697
10620 3104.6266
15197 3101.4629
14618 3151.7459
3969 3127.6989
41471 3114.1291
3127 3106.4972
22451 3469.8885
13582 6457.8613
14 3244.4438
29146 3159.1554
28025 3068.2569
41680 3071.1307
8313 3221.6983
14801 3505.9913
7558 3404.9505
15387 3131.376
41961 3102.6945
9060 3121.0838
6724 3056.9064
3593 3015.0412
3278 3084.351
9018 3017.2855
4786 3083.0772
6658 3028.3244
6011 3067.8411
7496 3069.2867
25354 3148.2682
1321 3063.7119
11194 3026.6376
11790 3202.3016
804 3116.8425
5420 3047.6302
41280 3087.3171
13214 3158.8819
5713 3031.3964
16755 3002.0888
2854 3042.2722
39708 3087.0409
32706 3033.8187
4984 3096.1551
17254 3127.5643
17785 3131.3939
12782 3056.1405
13381 3041.5595
28301 3044.8852
18124 3128.6043
39864 3131.8388
2361 3183.6115
29881 3122.9867
6267 3137.6883
15310 3029.5831
13186 3011.047
1265 2989.7391
30562 3023.488
1614 3042.5554
12228 3069.3655
9832 3060.8722
14375 3021.9231
32249 3254.0398
8734 3153.7071
20105 3049.8053
6681 3007.6038
29558 3072.5991
13599 3087.3777
11562 3133.4732
5628 3150.4439
15652 3121.4294
4367 3293.8057
38019 3075.3315
9152 3149.5122
35159 3183.8316
6939 3033.2094
15131 3055.7537
2205 3033.0163
2077 3078.9236
3402 3013.1766
18731 3245.0349
456 3099.8512
29399 3069.1708
5662 3058.0548
13518 3038.0456
26160 3145.2457
4774 3081.7645
13133 3205.2119
17014 3068.4574
11015 3026.8982
3165 3073.5968
14100 3027.4493
8989 3126.8829
7348 3127.5169
495 3112.7706
16845 3167.5946
2418 3183.2017
36489 3098.4499
335 3047.4328
34795 3083.8867
1526 3166.8449
8694 3138.3752
16215 3084.8753
12430 3109.7667
12703 3072.0221
3735 3326.2684
28675 3313.6033
5405 3058.3794
16007 3093.402
6118 3125.7855
8034 3125.9479
5739 3066.4587
5894 3028.4361
6508 3015.6853
97 3023.4171
3497 3024.3278
2635 3224.346
23607 3253.4658
3014 3126.044
27625 3218.9203
7300 3157.9238
20578 3208.7134
6944 3206.3111
16947 3232.1111
2826 3255.3963
9716 3181.8028
13758 3062.3906
937 3250.9839
3367 3164.8871
11288 3040.3078
4748 3086.77
19094 3048.9067
40705 3003.0673
17041 3024.117
26526 3051.9747
455 3077.7121
42555 3037.8409
42288 3043.9927
6563 3105.1371
38715 3060.1559
22770 3047.807
17924 3017.5204
29914 3035.3561
13183 3037.7643
5006 3044.9184
2330 3061.4093
2528 3037.8614
14572 3033.9496
2354 3039.6859
265 2991.4752
6778 3049.6394
10037 3130.6463
42507 3211.9001
11920 3211.5262
7402 3043.3997
9647 3066.6499
38457 3053.637
20733 3037.8989
5721 3055.033
4053 3154.232
15304 3024.3569
4099 3077.2223
4091 3088.1292
9126 3017.4217
2284 3035.332
35989 3043.4502
10024 3026.2468
5507 3026.8677
24171 3005.9165
15033 3010.3058
16068 3042.287
15021 3014.3774
4412 3013.47
11950 2978.0871
10132 3045.0803
40452 3054.6031
15141 2996.9199
14962 3008.2203
79 3007.3231
11020 2996.5313
12457 3145.1772
5672 3025.3156
4164 3019.5531
10308 3017.1254
4552 3015.75
11670 2995.6263
1719 3031.5104
8409 3009.9679
9507 3058.1066
33354 3017.9736
38393 3044.7048
28855 3031.0129
5429 3006.0289
38026 3023.3025
32518 3034.1074
1091 3063.4893
13449 3156.5524
4844 3267.7771
4123 3127.0184
8087 3060.2135
590 3144.4049
7724 2982.0394
4685 3025.2981
41594 3017.1793
14204 3008.4006
16696 3052.6114
13856 3044.435
12000 2992.3125
39858 3031.7458
27808 3005.7064
26828 3064.0866
8935 3205.6975
1099 3243.0167
38555 3236.4478
20261 3057.0446
16991 3107.4526
1986 3090.1755
31206 3150.846
4868 3107.4266
11664 3121.4904
1164 3100.8101
3700 3161.0512
8521 3112.2011
9323 3133.2182
16614 3149.2002
8749 3214.7187
33493 3043.1318
4092 3051.9425
31935 3046.9642
1807 3055.1481
35100 3085.2074
24653 3049.4899
