2905 22.8629
10930 58.3385
43256 268.8987
30728 208.345
9541 43.5992
20056 102.1514
8167 37.2877
7028 87.9024
16841 80.1936
22576 115.4799
15329 68.8321
20221 104.778
16785 78.4178
15279 82.7968
26947 166.2869
16195 82.2337
18821 247.2494
11093 65.7658
33317 208.646
9627 40.6078
4517 24.7921
9371 54.5347
17447 180.128
10180 44.6804
6776 23.4316
16688 74.23
14079 191.205
7187 35.2957
15554 99.3902
14618 45.7021
6613 29.4305
18970 98.8043
2523 19.4653
32486 190.0934
24339 132.8218
18337 168.3599
28788 264.1853
15134 79.0679
5503 24.5525
8639 46.1261
8858 62.5498
27 1.8936
1516 9.6172
10125 56.3184
9422 45.7782
12526 64.075
29786 195.9154
8777 45.1248
18729 123.9175
3164 48.1443
9357 47.4082
17741 262.2089
6077 33.4608
18827 103.9258
6299 104.9081
10936 230.2955
15625 75.8011
18867 87.7484
2954 14.9549
6154 79.8114
2191 14.5391
38004 236.1264
10034 181.608
19030 127.6179
1741 19.1059
16775 87.9847
17723 71.5682
26116 175.7232
3878 22.2434
19541 116.8973
36212 236.7163
18358 123.746
9066 43.1451
17391 96.9715
5665 25.3469
19974 95.9958
39091 244.6823
2815 12.899
9597 57.9615
4451 20.4296
8871 39.1384
3967 20.754
15302 74.1562
15571 45.5184
18248 82.1846
18818 82.6005
13797 62.4968
18576 79.5606
7250 32.697
13109 57.8985
34958 179.0389
12410 50.2308
9811 44.6792
19082 74.7653
23390 119.4225
20861 78.6502
35974 254.2524
37272 235.3973
15063 77.1988
13172 60.7563
22922 128.5272
2976 11.9895
13898 52.1618
28012 125.3318
10947 45.8579
21100 101.6716
22040 98.2637
7656 39.8777
17225 55.6213
21300 84.0058
38423 219.7771
870 4.0023
2773 14.8168
9268 53.1028
374 3.1195
15668 61.4916
16377 67.2121
1086 7.5549
18569 92.4426
3256 14.895
11456 53.6148
5137 26.6396
1890 9.4007
19258 104.9549
528 3.3902
2358 10.9256
7835 30.828
19393 89.7412
7772 21.0882
27618 144.2839
26639 166.5644
892 3.922
2938 22.8105
13554 69.2144
20724 119.5486
27309 143.8982
10555 51.1725
5966 17.6542
21659 121.2826
12266 47.5277
14734 58.1576
8393 41.0506
16563 77.4013
8363 33.3631
32388 353.4692
13553 53.1592
18534 98.3194
8449 33.7235
19088 108.8669
17632 66.3976
16437 119.9587
29081 169.8426
3221 16.2799
6360 28.9315
1439 6.5253
10912 47.2907
6731 29.7395
128 2.4803
11308 56.5196
25904 161.605
11469 33.5032
12485 57.223
9631 49.1075
7406 37.4255
9081 73.6273
8644 33.6221
17280 74.8211
30128 139.7022
7458 27.927
31369 127.385
12031 45.3156
10685 40.0895
13901 66.8621
13199 58.6986
7262 21.2612
32089 182.1923
16709 75.3675
13078 72.1102
13363 60.7538
16729 87.4112
8020 23.6576
8169 39.4922
35830 210.3681
192 3.6313
10213 33.1464
14283 61.5867
39260 230.8285
14035 63.5803
2582 20.7992
13919 69.1518
5581 18.5915
15320 79.0129
2847 14.266
27417 137.3971
17564 86.5156
4692 24.7443
15250 68.1193
40822 207.0249
4970 16.8813
5100 34.9465
5911 19.9697
2767 20.095
168 2.3053
8046 47.165
37513 227.1942
12744 46.5441
18864 63.8992
36845 173.3508
13317 54.9702
27456 158.899
1669 5.2328
2657 8.7358
19205 79.6785
9513 39.8216
3251 8.5151
3022 26.7161
4058 17.022
3693 16.3886
18579 70.502
3811 26.5173
3387 25.0998
19111 79.8015
34040 148.8345
7452 32.2945
12419 70.0834
16786 66.8408
36167 224.2516
4485 23.9158
16725 78.8597
25479 88.6515
1846 18.0346
13571 55.841
10670 46.3448
12846 39.0449
7948 43.3506
25779 162.8184
10388 87.6534
34613 181.2224
9775 45.8051
20045 86.1812
14810 71.9829
33133 187.485
2862 22.1912
18927 89.5141
8663 36.8196
21784 109.9156
32791 193.2556
19950 99.2137
35127 193.6948
8601 36.2967
19365 82.4401
19070 81.3067
36006 200.8131
19318 74.4198
38708 217.1885
718 5.8773
14362 56.0408
10174 57.6328
19086 96.3721
9896 44.7264
18074 99.7115
9778 40.2996
1461 16.3704
40526 306.8033
34219 238.0718
4135 20.638
12379 56.8103
9705 59.4934
18255 91.8798
16248 64.2548
13815 60.1566
36081 191.8223
41824 293.5716
4800 21.5445
39293 209.4719
5879 16.3746
14548 48.4755
11135 60.5232
20400 137.1913
13027 60.2252
315 2.3658
20581 110.1804
9716 48.516
5820 25.882
8567 24.2328
12343 62.0937
3883 23.2793
6664 31.9511
7374 29.9347
8910 40.0065
15658 72.1952
17146 86.8303
29050 169.3505
7446 43.3304
3417 22.6999
5869 17.4095
16500 62.5694
5588 31.3412
16417 76.2371
16097 77.8442
12844 41.6486
37546 204.9056
13520 70.6147
4949 14.9901
8460 44.6285
9992 36.3468
141 10.4438
2932 25.8611
12657 66.7238
4005 13.5418
5871 42.7958
22306 122.4239
31807 149.7678
1545 16.1303
2585 11.0191
9423 44.6523
9001 44.3535
11825 72.9301
1811 11.5023
12632 45.3135
3293 15.6535
14728 169.2647
13990 73.1326
18121 125.3492
1520 19.7332
1285 7.8062
13687 64.395
16757 100.6631
7100 33.6063
10188 51.1033
9533 52.2716
31383 166.739
14848 85.572
39354 262.4026
27860 162.9166
3729 30.0443
18665 106.1028
12736 67.1831
23856 153.112
2384 13.138
13490 65.9541
17872 113.4982
2161 11.4197
15066 55.0722
8594 50.8562
7822 36.6307
25384 134.0043
21749 125.2409
6279 33.08
6002 33.6554
505 2.8541
87 1.8498
6149 37.7384
11974 109.537
29889 184.8491
6063 36.8088
38451 235.1772
13629 91.4154
28603 161.9466
26166 162.6845
13204 69.3416
3213 16.0745
38688 289.0901
32267 225.3714
12264 76.008
5027 18.1218
16060 78.8668
30070 276.3895
8369 53.1556
19111 104.4733
15403 91.0174
37664 244.7846
38281 271.4899
10435 65.0579
22235 163.1447
17990 82.1043
27542 128.1768
17050 88.0805
29478 138.8969
19164 84.0811
5450 20.4122
32403 191.6043
442 8.662
16715 77.1178
11679 75.5543
27513 161.6645
6574 29.2429
16877 83.8436
26723 150.4667
15414 76.4442
19762 99.2918
507 13.4204
24798 137.7269
6278 31.6708
15052 93.128
18837 129.4642
10937 44.3944
281 2.3612
39088 260.1879
327 3.2984
9095 47.3306
30929 168.1141
13828 68.8336
15006 64.9245
38548 240.099
16181 56.693
14895 83.4795
27365 124.9825
11459 54.3397
32306 200.8807
17589 94.152
35896 236.3621
10752 67.2044
18522 90.3939
11100 57.6851
1516 12.4154
21848 101.296
25127 135.1731
11547 50.2674
1911 17.4052
24658 82.2147
10603 29.2579
16515 66.1809
221 3.3454
4563 13.7725
18754 80.719
16967 77.6846
16907 56.1148
11197 71.8951
20087 70.2972
16830 85.8548
23 1.9446
570 2.4858
2280 20.8269
16995 71.2784
8030 22.461
1980 18.3225
15965 87.6274
7565 26.1188
17569 88.0453
73 2.082
4102 19.1274
11929 58.0208
41320 276.3969
30911 173.4431
4989 33.132
6773 42.0726
23993 141.2331
14595 66.6653
14525 69.8498
13893 51.7049
16365 82.8001
5822 33.3027
4003 11.7725
17701 86.0853
1311 8.144
14401 88.9138
14690 73.2132
13403 55.4138
15075 77.4864
257 11.2873
7124 29.2573
23285 86.7964
5661 27.9593
9575 28.6484
10535 55.2073
11724 35.445
31426 172.5793
14947 47.6806
10085 57.2119
13706 73.844
16058 83.5125
6338 39.6548
16347 80.8337
11197 36.5839
16401 66.0129
14219 61.7361
2211 6.8834
31687 152.6038
1452 16.6354
36787 211.0133
10283 46.0125
2808 10.59
41461 295.4532
6587 35.6208
2869 11.4138
5686 32.3376
13064 66.3555
15647 58.7142
10025 51.8799
16769 64.3386
14264 69.6963
5147 14.2511
11714 58.0477
7477 40.6797
19645 61.2778
15784 53.0774
5993 33.607
3365 23.5935
11709 48.4584
17212 77.596
24561 125.1333
569 4.2398
6897 24.1106
7259 34.3625
12296 48.9969
15042 50.5912
17167 84.6435
39215 189.2517
5992 28.9385
39294 228.0931
7606 37.2936
8571 43.0296
9587 36.5631
14139 51.3468
15613 48.9
6145 20.2999
4011 10.7852
21270 107.6837
19418 67.9199
11358 67.291
4825 15.8091
24050 90.7742
5692 33.5999
2671 13.0195
31671 167.9818
41869 223.7485
22828 89.1788
7662 24.2229
13473 41.8691
35048 170.3745
16707 66.54
19589 105.539
35942 182.8103
7968 49.1545
8441 50.4891
39068 149.733
7976 42.6221
9986 48.7763
8511 33.0688
37694 241.0024
15577 68.8822
4066 10.7015
28596 159.2347
5587 14.8379
10596 45.4226
7245 30.69
19075 94.953
24069 87.5367
4417 11.6153
13960 61.985
15135 74.6158
23502 103.2061
25033 100.607
17294 70.1731
4209 17.5056
5593 21.4163
37788 235.1153
5341 14.0159
6118 26.7048
28364 138.2427
23872 117.9349
19101 67.7013
15319 83.1432
27292 135.1045
13800 68.9986
6413 17.8406
10092 42.0514
24144 79.4992
22323 79.2682
12384 34.8171
9538 35.3973
14497 59.6295
13633 61.0834
14605 72.4942
13482 46.4471
22004 108.2056
4220 23.5157
104 10.8532
15158 44.3017
11021 56.1232
16455 78.9934
8003 24.7299
28953 137.2713
17586 72.9279
16744 80.837
17239 79.7744
5080 18.7749
2618 15.7306
3603 9.6705
6719 21.8935
12001 49.5285
1241 4.602
12416 52.2787
18265 59.6367
14216 118.8726
7378 30.0385
7127 30.1894
31101 157.8625
1946 64.6095
9472 31.957
16476 51.365
28452 150.1332
2377 9.615
15334 64.4038
30488 193.7042
17800 97.2051
7856 32.3176
30469 145.2171
31593 132.8723
3216 23.5066
12875 78.7154
12444 48.5908
14443 64.3284
1741 14.5466
10281 51.9424
24101 151.6007
1360 4.804
17476 81.1525
14848 61.2362
38783 230.6488
1926 5.7328
35925 194.8123
1936 9.2208
7220 44.0273
502 7.8277
17740 71.5219
10434 51.9728
15991 59.6413
11716 60.1587
10618 59.4728
24775 126.8545
13155 54.132
3507 20.5564
4842 33.6378
39596 275.7299
9040 37.8408
14168 72.9532
2594 7.6109
25017 137.3069
7115 42.3117
7388 35.4314
7912 40.3461
17150 87.6565
2938 14.7989
3510 15.0974
2451 21.8371
10438 42.4361
19060 106.8796
3483 22.9324
24483 112.3518
11206 51.9675
363 5.9838
419 12.7733
3952 10.4228
29515 162.3624
17092 97.0656
11100 48.2501
30912 170.0695
1655 14.9661
13174 63.8523
1 10.9202
15240 75.9093
4699 24.5823
40928 225.9281
28850 160.5052
7225 48.3728
17804 79.962
34907 215.6091
10126 46.6202
11789 55.2458
16862 57.9971
33941 213.4228
9782 43.7887
11468 56.1018
40805 254.3866
13378 65.4473
8565 40.7224
6515 34.8889
26543 136.0837
10996 46.9328
11802 66.5744
13323 71.2583
13774 71.6612
37760 249.2133
5309 31.8916
5033 23.0522
19902 113.2219
13019 60.2843
3876 19.2676
12554 69.6633
12983 55.8852
25240 102.1397
4458 31.6019
1286 4.8803
17248 96.7146
15458 75.6486
305 13.7283
15181 64.9164
26512 144.2361
18697 99.7979
37135 245.5936
11902 66.0912
24368 120.6353
10516 49.5891
12766 71.184
13205 40.9396
17566 96.3878
22389 109.1426
16469 84.8376
26678 123.202
5066 26.7034
17623 115.5422
8458 24.5572
17883 62.0683
7059 41.3869
17976 82.009
15642 52.2628
2595 21.7417
15182 64.2089
20987 99.6688
3985 11.7271
25878 174.7641
18479 131.4451
33303 281.0641
39038 335.8086
4158 39.1738
14122 138.4505
6281 44.5016
11742 111.2266
18984 171.7754
1170 8.1468
7166 35.6437
41423 381.6375
17338 167.5822
6884 39.3726
23071 196.6166
17487 98.5893
17143 167.9694
20174 162.3381
3789 20.2583
19955 195.4291
3955 25.3855
12093 326.2648
24673 228.6722
32527 241.1596
5468 87.6341
14747 88.0268
1859 13.4381
18321 254.5867
1895 13.5574
3224 29.8844
18068 132.7704
6927 44.5799
27231 137.9372
12234 79.1643
7864 67.4149
7672 97.1926
17268 174.7166
4505 28.2836
17094 157.9794
15612 104.5357
4282 15.3252
18501 135.7081
19900 122.6156
27268 214.5089
21958 112.4836
31848 382.9225
15725 89.3768
2623 11.4609
32699 266.7216
11284 74.141
10620 74.3722
15197 69.8732
14618 95.8457
3969 21.9232
41471 328.811
3127 19.1971
22451 153.0091
13582 85.9113
14 2.474
29146 279.4542
28025 260.2217
41680 367.1099
8313 54.723
14801 109.8081
7558 59.016
15387 99.9893
41961 358.6922
9060 49.681
6724 41.2185
3593 81.9725
3278 22.8869
9018 71.6831
4786 30.397
6658 42.6936
6011 88.8388
7496 47.3481
25354 180.0328
1321 10.8068
11194 73.0344
11790 89.7783
804 65.2961
5420 19.079
41280 290.6653
13214 58.8481
5713 33.8866
16755 151.9662
2854 22.2861
39708 283.0452
32706 317.6929
4984 39.4309
17254 124.7586
17785 114.8115
12782 130.4888
13381 105.059
28301 223.2246
18124 139.8706
39864 364.6863
2361 265.5187
29881 260.9343
6267 45.5759
15310 150.4145
13186 79.2606
1265 4.8725
30562 166.5834
1614 13.6495
12228 90.612
9832 95.1824
14375 160.6229
32249 259.4681
8734 54.4519
20105 233.7096
6681 91.0326
29558 194.6175
13599 58.4371
11562 69.3907
5628 86.9712
15652 151.7582
4367 51.2149
38019 284.9366
9152 103.167
35159 292.6364
6939 46.3584
15131 127.6708
2205 12.1206
2077 39.6757
3402 27.5899
18731 98.9159
456 59.5635
29399 265.9829
5662 82.2436
13518 87.2333
26160 193.2502
4774 30.5016
13133 58.2235
17014 152.6542
11015 120.0026
3165 14.3226
14100 149.2456
8989 95.1724
7348 41.018
495 3.6857
16845 114.7172
2418 15.9631
36489 285.9583
335 58.1968
34795 268.621
1526 11.3084
8694 51.0495
16215 126.6224
12430 59.74
12703 58.9855
3735 22.7907
28675 256.3934
5405 28.9899
16007 141.5706
6118 75.3253
8034 46.6161
5739 82.6585
5894 88.7915
6508 95.1989
97 58.9701
3497 29.8873
2635 10.8056
23607 180.8138
3014 76.764
27625 165.378
7300 105.9352
20578 130.764
6944 27.9859
16947 105.0215
2826 17.2665
9716 58.4372
13758 139.1353
937 191.3006
3367 22.7795
11288 111.0188
4748 35.4053
19094 121.9867
40705 334.4947
17041 163.5178
26526 175.1071
455 60.6312
42555 351.2937
42288 378.4695
6563 91.9677
38715 345.8905
22770 194.7149
17924 110.8891
29914 267.5234
13183 137.843
5006 37.6832
2330 70.445
2528 17.2472
14572 147.2925
2354 70.6678
265 60.214
6778 94.5286
10037 56.4135
42507 397.0216
11920 76.8357
7402 37.1157
9647 103.1554
38457 274.3284
20733 114.4311
5721 89.008
4053 77.9264
15304 149.2945
4099 79.0125
4091 82.26
9126 91.0547
2284 67.451
35989 257.0544
10024 114.2382
5507 86.0756
24171 177.5715
15033 95.5481
16068 101.1141
15021 236.0463
4412 80.5981
11950 66.7183
10132 38.2853
40452 358.809
15141 134.6394
14962 92.1662
79 2.7654
11020 68.2225
12457 68.6374
5672 48.4962
4164 30.577
10308 105.077
4552 25.168
11670 122.5258
1719 16.6396
8409 117.55
9507 69.119
33354 304.959
38393 265.4787
28855 263.2799
5429 87.89
38026 303.8337
32518 265.4158
1091 6.2725
13449 70.798
4844 39.1061
4123 81.2826
8087 79.6685
590 5.7456
7724 101.2075
4685 82.067
41594 296.4944
14204 125.1821
16696 137.7088
13856 112.034
12000 62.3792
39858 248.469
27808 204.119
26828 233.3748
8935 45.8284
1099 61.6481
38555 349.4782
20261 156.5664
16991 98.0871
1986 7.062
31206 315.6505
4868 81.607
11664 125.4083
1164 6.7629
3700 11.2038
8521 99.5181
9323 98.6418
16614 102.8893
8749 54.7651
33493 191.0897
4092 77.8167
31935 215.5483
1807 67.0496
35100 293.0909
24653 178.7391
