0 2.6928
0 2.0942
0 2.21
0 1.7707
0 1.1601
118066 5781.1184
779 36.6336
0 1.6141
76748 3743.9377
76034 3872.1159
116332 5534.007
95297 4473.7426
0 1.5533
1116 54.1146
18551 899.7132
0 1.2393
0 1.3526
0 1.8054
0 1.6119
357 19.0771
201791 9433.3521
205608 9161.9711
0 1.2893
20 2.4515
209656 9917.7874
803 32.5059
0 1.5854
35 3.1534
160871 7732.5104
0 1.2773
1618 79.8477
117809 5604.4351
0 1.5348
0 1.5505
0 1.761
329 18.6544
824 36.6909
0 2.0138
50 3.6999
0 1.7437
1051 86.0593
0 1.5531
26276 1277.4014
0 1.3467
1567 76.0359
561 29.1991
0 1.6354
46 3.6121
1992745 77283.5485
0 2.3133
198 21.1371
226 9.1472
0 9.7523
0 1.6257
0 9.6096
48123 2434.838
553925 28442.2787
1276 71.4261
0 2.0193
447 21.5891
202642 9934.4819
48088 2333.9338
107823 5574.7643
0 1.9533
18438 925.2955
202178 10104.6188
101209 5063.2851
0 9.7082
132 8.1224
483 26.2871
107159 5057.2984
0 10.3587
501 23.5307
93 13.4094
17 3.1419
0 9.5907
50122 2347.2536
55 5.1061
1993892 77563.3789
49603 2349.751
47 12.2618
76496 3767.5001
918 48.774
0 9.2684
1050 47.622
100588 4684.5596
87617 4416.2716
0 9.5892
0 1.4633
11484 589.8205
850 35.7295
0 1.6408
3112 172.8504
0 1.7336
0 1.7223
0 1.5479
16 2.0245
136593 6915.0802
0 1.5118
164343 8182.4136
905 37.8189
0 1.6178
629 41.6214
0 9.5216
0 1.4373
0 1.5002
47525 2237.8201
203659 10387.9137
512 22.4324
208156 10592.9953
1155 43.3386
116 7.6864
0 1.7142
18425 883.6378
1250 62.8646
0 1.6575
126527 6391.8765
0 2.0664
247 13.769
958 55.9784
616 67.449
0 1.6627
95063 4683.9244
640 36.6649
114 15.3329
210139 9699.7541
1246 46.3635
190 10.8949
70 5.0472
0 1.59
738 20.7923
0 1.4319
706 27.138
0 1.3512
135 18.0603
74141 3733.0196
0 10.2364
0 1.7459
0 1.3273
88057 4584.6618
363 21.0023
0 2.0093
50 4.1609
0 10.1553
115 6.6105
0 1.6298
0 1.2827
154 20.0585
117530 6060.5016
124629 6169.7145
99675 4834.4971
0 1.3203
22 4.5512
1371 60.9956
0 1.9104
202577 8773.7942
41 3.7585
2346 103.4141
0 2.2774
0 1.7546
343 13.8888
1090 45.6071
52 4.1439
0 9.7233
148 9.1082
0 1.4992
178 16.2525
739 31.6877
680 31.3893
0 1.6333
3086 150.7927
271 14.4764
830 43.4752
799 42.4155
0 1.8533
208592 9611.1418
91 4.0892
208757 10294.344
47570 2243.9581
160465 7975.1609
615 42.0102
135828 6255.4058
74615 3503.5808
18465 865.7783
34 2.701
0 1.8201
924 45.2612
74924 3681.4017
198746 9989.2661
162764 7643.6586
790 33.4842
3464 155.0722
0 1.7518
95 5.6014
0 1.3518
0 1.9819
0 10.193
26012 1320.3014
0 1.9344
0 1.8464
3236 151.1211
12870 638.2131
659 35.2463
68 6.4095
116 7.415
16 3.2695
1438 52.5757
11048 525.4226
188132 9412.1223
0 1.9173
118889 5541.8979
0 1.4888
0 1.6271
447 22.6888
1 1.5374
215 20.9099
200212 9432.1493
0 1.3768
709 35.0456
485 22.9821
0 1.9858
789 25.4074
8 2.2244
0 1.3382
53588 2637.5476
0 9.9716
26324 1234.5507
105 16.0468
0 1.7014
658 30.9622
75625 3538.6343
315 18.5105
0 2.0455
0 1.8744
0 1.3881
0 1.4643
208163 9847.5635
99825 4911.183
2089 94.257
0 1.3548
12567 578.0441
856 43.9255
18460 891.578
12972 592.3972
203907 9281.3453
528 27.0411
26074 1241.9175
305540 15949.8796
85455 4588.0163
75062 3850.7111
210034 10479.7438
473 29.997
86 4.6867
210592 10637.972
0 1.7744
1795 122.1968
0 1.4133
579 26.6325
3334 175.0904
136927 6970.6404
799 43.3036
0 1.6967
348 20.9484
669 44.2876
107607 5391.0655
76632 3810.3654
1194 56.1652
983 58.9702
0 1.8206
1911 101.6864
0 1.4235
18559 960.4279
560 31.627
201200 10476.7822
0 10.3554
0 1.4051
0 9.9544
0 1.4436
187027 9428.3788
1992399 78490.0879
0 10.8649
0 8.9195
0 1.4592
78 5.3904
140 9.0771
1086 98.0012
50042 2628.6747
0 10.5675
786 49.0736
999 62.6151
94917 4742.7184
77107 3912.421
0 2.3178
217 14.0372
632 44.5973
659 38.0687
107461 5439.4787
0 1.4152
0 9.9777
604 42.4095
26338 1358.4448
3040 162.0198
2601 118.3475
161074 9753.8118
142 9.0067
0 9.1817
0 10.4991
0 1.2979
0 1.7155
56 4.2234
46761 2421.6332
0 2.0065
0 9.6074
115 7.4974
408 27.2754
0 1.6772
209415 10301.4845
0 1.4066
0 10.3296
1147 51.4814
0 1.9717
634 30.9717
3156 141.8614
0 2.0736
0 9.7885
0 1.389
1993138 95619.1141
347 24.6322
76 13.2528
427 19.7899
0 4.1348
1054 60.5935
0 2.4645
1672 88.4054
0 2.1855
0 2.5566
107137 5638.9307
93 15.742
208612 11681.3513
2287 124.4759
92 6.1321
0 2.8
0 3.2933
49123 3089.7401
1002 63.0523
209326 11399.8284
0 1.6701
0 2.0933
18447 980.2974
1500 76.1037
0 1.6383
0 2.1891
187786 10221.7113
952 50.796
47868 2680.5888
181 37.9922
203940 28287.8346
75470 4736.6131
0 2.467
1385 70.3002
551911 32151.3535
0 2.836
299 16.808
377 16.1888
391 18.707
0 2.3737
99 7.1683
47786 2659.4189
0 1.9517
0 2.0327
274 24.1632
205 136.2809
1054 45.5411
399 37.9854
132 6.7175
309138 19923.0138
66 6.7035
587 31.6524
328 19.8332
188140 11745.8154
78 10.3209
0 3.1083
416 24.8048
798 45.6729
0 1.58
406 21.8232
0 2.866
63 4.6061
209657 11964.0186
0 1.74
118231 6430.9895
0 1.6615
0 10.2238
4 2.9906
0 1.6159
27 5.231
346 28.8076
54204 2979.1858
0 3.0384
809 42.7423
0 2.8534
244 12.2742
210523 11921.5274
220 11.7856
335 12.6876
26074 1417.9235
0 10.7684
753 69.4572
0 1.9188
0 2.373
210175 10842.7765
311233 17830.0052
0 11.1409
0 10.4077
0 2.6876
126057 6781.3586
0 1.5854
551903 30941.635
0 2.2474
172 13.7533
0 6.8404
301 14.3804
107087 6201.9862
74014 4138.8779
99031 5597.1346
0 2.9524
0 2.3134
88291 5124.8499
0 10.9113
0 2.0805
0 1.778
1020 62.3739
0 6.3666
1614 82.3401
0 1.9953
269 12.0114
204133 10834.4145
0 1.8393
0 2.6396
87640 4471.7071
0 1.6184
2928 166.381
0 2.1469
136727 7397.0984
10 3.2492
0 2.2501
81 8.0831
58 5.2358
101597 8942.251
117893 6366.1398
0 2.4204
0 2.4926
0 2.0542
97 7.8396
0 3.4473
610 37.8077
2480 117.1399
0 7.8249
0 2.3515
0 1.5633
202145 11338.8542
525 37.8055
2287 141.4228
700 36.6409
47666 2848.6929
0 9.9191
0 2.1011
0 2.5221
202261 11170.0408
135 8.9749
0 1.4393
0 1.8541
305783 17732.9663
0 3.1317
1993002 105426.0763
202316 11597.8371
977 58.4701
76045 4198.3386
291 23.0538
75538 5009.4605
617 37.6048
0 2.3332
136558 7427.4015
0 1.7078
1118 68.7129
0 9.9303
0 1.6599
779 39.7385
94829 5016.8914
0 2.373
208649 11770.0745
2937 167.8281
264 11.8806
74865 3795.7067
50005 2777.1036
0 1.3809
0 2.3322
0 1.7737
124020 6670.7171
881 55.0702
0 2.2761
1133 59.0786
0 2.16
2704 131.6331
0 10.1242
218 8.7778
87586 4714.2993
1992518 93274.1312
794 44.3313
1 2.475
432 26.0185
3226 176.4578
539 25.0515
0 2.219
4 3.0706
95421 5213.6377
210164 11298.3711
1072 56.9503
306863 16285.0102
788 33.4411
0 10.0568
1992419 95198.797
116 9.4208
0 5.3318
0 3.7734
12659 650.3329
47 5.8476
0 1.5458
0 2.3726
350 23.8426
553909 39169.0625
0 2.7041
983 51.3888
0 2.583
157 16.9175
26193 1450.9554
1146 58.2202
1993738 86327.3302
859 51.6037
95023 4906.7457
605 34.8917
204289 11008.2763
0 3.6307
0 10.6173
0 1.8937
1020 55.3788
209725 11605.8037
0 2.2904
195 9.9138
214 11.1235
1915 155.5748
114 10.8051
118250 6799.7634
18482 1149.0453
25 11.7162
0 2.6138
163 10.5104
307364 17965.7288
413 32.007
192 11.0048
0 2.1035
117320 7085.3235
32 5.607
481 35.9071
833 49.6993
18368 922.3397
740 39.0573
62 4.3761
0 2.5944
0 1.7135
0 1.7971
0 2.6501
25972 1459.5388
0 2.7957
38 2.895
118021 5899.157
728 38.9368
0 1.8163
577 34.5996
0 1.4279
52729 2830.6097
161669 9179.657
100854 5841.427
3322 205.6389
99177 5029.7228
0 1.9691
107599 5889.043
568 26.2521
18391 916.9052
0 1.7297
0 1.7523
434 33.4033
552014 47125.2663
162918 9470.7546
309310 17274.0595
19 3.8175
0 9.9431
0 2.076
0 5.1386
0 2.7782
201898 10848.8421
0 2.9915
198 12.6694
0 10.3581
0 9.64
124383 7041.2536
99929 5648.9762
11887 611.4126
1572 78.9559
0 1.5091
951 39.089
470 27.5066
553460 30851.5574
0 2.2566
307 16.8885
6 10.1325
0 1.8195
307661 15666.3728
0 1.7427
117517 6428.3486
0 1.9305
0 1.9557
0 2.0941
94657 5009.4821
0 1.6824
325 22.5186
0 1.849
0 2.3551
0 2.4647
0 2.2606
75 12.3941
0 2.0654
0 1.3991
12712 607.2435
0 1.3836
131 16.5262
74981 3984.1028
135 8.4002
0 2.0969
0 1.5837
0 1.3602
0 1.7775
0 9.466
94536 4614.3704
0 1.9764
164085 8674.8329
0 1.6598
2513 127.3566
28 2.3222
0 1.5188
9 1.6067
292 18.6744
1210 53.4802
315 16.4081
0 1.8565
0 1.8766
0 2.8024
403 22.2922
73663 4215.0525
293 21.4985
0 9.9728
107701 6136.7817
2154 111.3151
0 2.3532
308411 16836.0728
135573 7534.1844
188716 10804.8428
0 1.8567
0 1.5513
807 45.9571
75025 4022.0813
0 2.318
0 10.4235
664 34.8669
1436 81.6134
188441 9878.962
0 2.5905
179 11.6203
363 22.432
82 6.7051
639 40.1637
545 38.6235
331 29.2488
0 9.3916
547 32.1077
0 1.9985
95685 5144.3181
0 1.5618
107037 5720.1715
3389 180.8449
554786 31344.3774
5 2.8445
0 2.3091
0 3.3721
26302 1580.4632
0 2.4125
1992897 90011.5445
0 2.4342
483 29.2949
150 9.6905
551867 30934.514
0 11.4876
185 20.414
0 1.9849
0 2.43
309375 17238.2079
0 1.8053
379 20.9671
0 2.8437
423 34.346
117 7.8128
47529 3239.6773
189008 11363.1949
2382 108.9491
696 35.1279
296 25.6306
0 3.0287
0 3.076
367 20.4424
0 1.9547
0 2.2732
201899 10454.8043
0 1.9032
304 18.8271
207936 11458.5216
76145 4141.3947
210217 11362.1352
0 1.7367
213 14.1203
344 30.9298
0 2.6778
86459 4725.0795
0 2.1906
12816 684.9474
0 1.9666
1224 72.8428
357 15.3532
350 22.5725
137261 7316.9514
0 1.9945
0 1.9513
96 13.5841
645 37.3491
35 3.2652
204258 10077.5595
0 2.0017
201657 11419.7483
47778 2644.7391
0 2.179
1 1.6494
1007 53.8054
425 21.5444
0 1.5746
76942 4631.0539
202148 10420.2084
587 26.0113
0 2.4817
0 1.5299
306080 16469.4892
201514 10908.7002
0 9.2342
3544 187.5147
0 1.7478
0 2.7098
2396 109.7573
464 26.7325
0 2.2571
162059 17509.9
636 38.0841
808 49.2612
628 50.4094
9 3.1436
558 32.6321
2443 143.3171
0 2.1752
18468 1061.6951
0 1.745
70 5.163
162107 9725.4732
188897 11163.3035
0 1.3959
0 3.7612
0 6.3868
967 54.9581
0 1.6144
0 2.1109
0 3.5121
1147 73.4861
0 2.9962
1324 71.6027
210512 12525.0577
0 2.3457
0 1.4979
0 2.3817
88 10.0008
1043 65.6759
0 1.4866
630 41.7525
77 3.2038
1427 71.3423
790 53.4145
0 10.7858
66 14.1311
0 5.1945
0 2.2685
0 9.3599
392 28.801
86614 5160.5601
1760 102.4951
136539 24142.4298
31 4.9854
369 23.8378
1181 82.3138
0 1.9307
1439 69.9179
210074 24013.8661
1425 63.9707
308152 19078.5525
0 3.1431
18411 1015.8495
117612 6802.1587
54918 3429.9994
680 49.123
0 2.7189
274 28.3791
1993252 92199.0476
0 2.8772
0 2.6671
2079 112.524
165741 10522.4313
0 3.1986
189 22.9102
360 23.9196
0 2.7803
616 38.3534
75071 4468.7186
210968 11796.2449
551598 31444.2834
77063 4961.0007
182 9.738
1542 81.6696
0 2.2398
0 9.9795
165376 9391.3936
208842 12473.5835
2 2.1017
520 31.7266
160 10.865
0 2.6442
484 38.0006
0 9.8855
0 2.8037
2257 121.7958
94463 5161.7249
0 9.6778
0 1.6909
0 1.6861
0 2.0055
0 10.887
0 2.1117
0 8.9721
0 1.5667
0 9.7658
0 10.1428
0 1.3366
131 14.4628
0 1.7745
0 4.3556
117798 9074.3016
117696 7530.0511
52571 3165.8838
0 2.5846
0 2.0599
47541 2910.7477
0 2.9242
0 10.3264
0 2.5991
1993426 95084.4049
0 3.5161
0 3.9585
0 4.4936
204347 10718.1267
161840 9174.0765
0 2.28
18 2.9129
0 2.3091
2 9.6363
255 17.9935
0 10.4353
307361 19793.7945
0 9.1065
307420 16465.3495
36 3.0879
0 2.4312
205057 11380.3811
849 50.9416
0 2.4234
0 2.7175
542 39.4247
1590 66.7421
0 10.1523
0 2.3826
3069 165.9712
0 11.0272
0 1.8609
0 2.3702
48573 2815.778
0 2.1863
3203 170.0401
0 2.2523
0 2.6411
0 3.0841
146 13.4953
0 1.8864
94962 5877.5028
227 15.1982
0 4.0937
0 2.4929
0 3.4328
2677 137.3218
0 2.5117
217 16.7441
0 2.3103
181 19.3467
354 15.9656
0 2.8111
26324 1503.7437
0 2.387
405 34.7825
118145 7090.9734
0 2.5888
48078 3042.4264
104 9.1102
0 2.9489
0 2.251
772 39.3659
0 1.7383
118296 6603.3303
415 27.2761
0 4.0739
1993731 89806.5617
999 63.1006
1181 57.4814
117231 6648.0295
47624 2627.0628
126624 7069.2119
210124 11434.0107
0 2.4113
0 2.253
0 1.3773
499 29.5549
0 2.0205
0 2.0492
46 4.3649
622 47.8538
0 2.7398
38 3.7557
1596 81.0809
162093 9678.5989
0 2.4732
202581 10824.4
18437 968.3613
244 10.3978
0 4.1989
0 2.6457
0 10.2779
261 12.7717
265 14.2396
0 9.8529
0 2.4877
0 5.1264
64 5.9947
165234 10023.011
1987 101.9305
1993592 117219.8162
0 5.7199
0 3.5066
4 2.7573
43 22.6956
0 3.5223
12 2.7938
0 1.7724
0 2.7304
203144 11527.7729
305421 17498.8592
0 2.2821
308260 16797.3906
0 1.5735
1551 81.1698
212259 11934.9843
121 10.1074
2213 115.1979
538 30.2819
0 2.4279
277 22.3593
208869 12728.3909
383 20.0246
0 2.246
211010 10927.1318
308809 17068.2853
