0 8574.5986
0 3139.2552
0 3123.0159
0 3075.2603
0 3111.8697
118066 3078.6364
779 3148.1371
0 3106.9372
76748 3104.5696
76034 3441.9678
116332 3086.09
95297 3107.6705
0 3073.4149
1116 3087.4257
18551 3058.7862
0 3126.3609
0 3072.7654
0 3105.555
0 3065.4185
357 3075.4208
201791 3114.5694
205608 3115.0035
0 3127.0473
20 3052.4473
209656 3114.4298
803 3152.4178
0 3121.4599
35 3099.07
160871 3100.7093
0 3127.5728
1618 3119.1168
117809 3067.9675
0 3075.2072
0 3096.7385
0 3073.3669
329 3082.9375
824 3097.035
0 3079.0838
50 3129.8191
0 3100.5768
1051 3107.3545
0 3064.4223
26276 3068.0543
0 3094.909
1567 3081.8003
561 3140.9541
0 3087.7557
46 3057.0758
1992745 3103.3779
0 3200.0871
198 3168.158
226 3049.1248
0 3113.1776
0 3073.7706
0 3095.3169
48123 3075.6809
553925 3074.021
1276 3237.9354
0 3238.0402
447 3243.6001
202642 3217.3016
48088 3190.158
107823 3197.9371
0 3183.1546
18438 3069.3269
202178 3113.558
101209 3102.6749
0 3103.696
132 3092.0152
483 3102.3235
107159 3120.7277
0 3066.8933
501 3053.0967
93 3098.4792
17 3061.806
0 3072.8868
50122 3064.5555
55 3121.8214
1993892 3105.1027
49603 3080.0247
47 3069.2632
76496 3053.8712
918 3086.5587
0 3062.4352
1050 3065.9815
100588 3066.9743
87617 3076.2368
0 3065.0252
0 3043.4211
11484 3067.3842
850 3060.6926
0 3139.918
3112 3261.7965
0 3273.2462
0 3229.8787
0 3244.4865
16 3211.5454
136593 3230.0505
0 3119.1094
164343 3090.6274
905 3109.5725
0 3145.4437
629 3084.6014
0 3066.6135
0 3072.2215
0 3077.8275
47525 3065.8722
203659 3156.6503
512 3345.3927
208156 3345.7898
1155 3168.0963
116 3185.1118
0 3166.2793
18425 3140.3968
1250 3193.5601
0 3062.6944
126527 3125.1649
0 3086.3297
247 3130.1031
958 3093.5278
616 3120.2234
0 3057.6995
95063 3099.5494
640 3069.5089
114 3053.075
210139 3113.5074
1246 3089.0047
190 3062.3589
70 3069.3343
0 3082.1749
738 3083.0762
0 3055.9412
706 3091.8168
0 3081.2548
135 3064.7178
74141 3079.7705
0 3057.92
0 3090.467
0 3143.867
88057 3270.3492
363 3217.9465
0 3193.1719
50 3150.2935
0 3139.3565
115 3139.313
0 3201.1696
0 3148.5226
154 3248.2546
117530 3197.3457
124629 3267.3559
99675 3188.5153
0 3101.8291
22 3071.6284
1371 3098.0198
0 3100.5329
202577 3100.993
41 3073.7643
2346 3057.3941
0 3044.7403
0 3062.4217
343 3084.3755
1090 3074.1566
52 3089.34
0 3096.5604
148 3064.1657
0 3064.7447
178 3058.9501
739 3085.0325
680 3046.0253
0 3106.2155
3086 3059.1936
271 3083.9047
830 3130.2097
799 3209.4946
0 3101.6344
208592 3131.5959
91 3120.2293
208757 3252.7358
47570 3146.6451
160465 3115.2849
615 3080.943
135828 3076.2253
74615 3083.955
18465 3077.6474
34 3062.6819
0 3100.0231
924 3075.7866
74924 3064.053
198746 3112.8389
162764 3067.8435
790 3063.5349
3464 3073.0366
0 3054.6522
95 3085.598
0 3093.5295
0 3081.9029
0 3063.6659
26012 3058.841
0 3210.3521
0 3586.9843
3236 3269.1347
12870 3230.0187
659 3151.8683
68 3159.3259
116 3175.4787
16 3129.4366
1438 3152.9227
11048 3170.0062
188132 3176.2285
0 3109.0192
118889 3084.8911
0 3097.0962
0 3080.0662
447 3088.6944
1 3097.0149
215 3084.3653
200212 3073.4166
0 3099.9904
709 3073.758
485 3090.6412
0 3066.2174
789 3072.0644
8 3057.8993
0 3080.4585
53588 3070.1706
0 3090.5246
26324 3075.1971
105 3114.2953
0 3057.5174
658 3098.297
75625 3088.1614
315 3096.2879
0 3262.592
0 3313.2417
0 3271.1009
0 3159.9046
208163 3209.8145
99825 3105.5874
2089 3324.3338
0 3230.4942
12567 3176.1444
856 3174.9806
18460 3124.8358
12972 3167.5441
203907 3181.5132
528 3108.0331
26074 3089.7326
305540 3210.9454
85455 3347.98
75062 3129.45
210034 3147.8186
473 3124.5326
86 3112.8817
210592 3112.8083
0 3084.9133
1795 3093.2116
0 3077.6888
579 3067.0353
3334 3099.9433
136927 3100.254
799 3092.1486
0 3085.4355
348 3091.7931
669 3085.9927
107607 3112.8568
76632 3094.1647
1194 3119.7809
983 3089.4186
0 3065.7638
1911 3114.9345
0 3109.4532
18559 3175.8588
560 3308.7007
201200 3315.5377
0 3153.1856
0 3172.4297
0 3156.8827
0 3158.8493
187027 3182.5411
1992399 3196.2453
0 3076.727
0 3052.9719
0 3119.1723
78 3201.0214
140 3274.9006
1086 3350.3039
50042 3127.1462
0 3156.166
786 3092.0471
999 3067.9882
94917 3089.5908
77107 3091.4824
0 3125.7772
217 3090.4442
632 3086.1714
659 3085.0398
107461 3089.5054
0 3094.1508
0 3051.9348
604 3082.6761
26338 3070.1144
3040 3090.5782
2601 3090.6412
161074 3084.6093
142 3148.6804
0 3075.0187
0 3155.3221
0 3076.6566
0 3085.5412
56 3082.4082
46761 3065.4164
0 3107.6756
0 3095.778
115 3077.2787
408 3085.1811
0 3143.1919
209415 3097.7019
0 3078.1729
0 3078.8239
1147 3059.6428
0 3089.3574
634 3061.9173
3156 3059.7926
0 3048.1347
0 3078.1544
0 3079.7392
1993138 3092.9882
347 4692.9862
76 3275.5
427 3259.1321
0 3127.0851
1054 3347.4889
0 3186.4104
1672 3209.4304
0 3199.3408
0 3157.8797
107137 3174.1735
93 3440.2134
208612 4292.9416
2287 3236.4104
92 3170.3376
0 3202.8974
0 3554.329
49123 4244.3128
1002 3216.2705
209326 3491.6201
0 3312.7094
0 3288.913
18447 3209.2573
1500 3200.2392
0 3224.9424
0 3197.5006
187786 3422.7788
952 3281.2073
47868 3264.8463
181 8640.4331
203940 6298.6422
75470 6567.3774
0 3352.4318
1385 3228.1497
551911 3265.7753
0 3435.811
299 3142.0753
377 3173.2737
391 3336.2554
0 3263.8106
99 3329.9643
47786 3289.6253
0 3314.9879
0 3244.7179
274 3536.0106
205 8475.4611
1054 9610.0734
399 3581.1712
132 3755.8508
309138 3842.8624
66 3576.0104
587 3606.0777
328 3259.6934
188140 3419.8087
78 3966.1172
0 3319.5005
416 3326.666
798 3884.0323
0 3548.1942
406 3457.9663
0 3383.0033
63 3438.6114
209657 3344.2305
0 3520.1465
118231 3226.3203
0 3168.3996
0 3176.9082
4 3170.3346
0 3165.9039
27 3368.4434
346 3322.3695
54204 3153.581
0 3263.6631
809 3264.2804
0 3297.0419
244 4042.255
210523 3483.9603
220 3303.3513
335 3356.2246
26074 3283.8081
0 3512.5739
753 3510.2466
0 3381.2193
0 3375.6024
210175 3342.7645
311233 3451.3227
0 3143.4693
0 3378.7965
0 3190.8063
126057 3173.4929
0 3176.9185
551903 3221.0573
0 3901.6847
172 3381.7174
0 3331.0291
301 3247.9591
107087 3335.0794
74014 3300.1669
99031 3344.1389
0 3367.4323
0 3235.3743
88291 3444.6393
0 3204.526
0 3250.0807
0 3229.7278
1020 3338.8773
0 3336.6727
1614 3450.4814
0 3243.9953
269 3257.3385
204133 3241.7233
0 3212.1532
0 3222.7176
87640 3227.0497
0 3256.156
2928 3192.9278
0 3244.803
136727 3293.6776
10 3417.3428
0 3314.9716
81 3360.8603
58 3451.8364
101597 3413.0944
117893 4155.7188
0 3256.3425
0 3389.5653
0 3182.5258
97 3157.59
0 3511.7084
610 3372.8372
2480 3199.8841
0 3191.971
0 3283.0188
0 3296.0536
202145 3263.9555
525 3325.7703
2287 3310.8089
700 3317.9811
47666 3279.0957
0 3258.0064
0 3255.6604
0 3242.8072
202261 3260.7031
135 3307.8586
0 3922.6588
0 3259.7776
305783 3243.6369
0 3223.5163
1993002 3237.2138
202316 3997.776
977 3484.9571
76045 3585.7877
291 3502.577
75538 3647.5436
617 3177.7161
0 3185.5069
136558 3255.3102
0 3166.2299
1118 3125.1173
0 3135.7676
0 3157.6736
779 3158.9804
94829 3202.2077
0 3152.9162
208649 3197.5805
2937 3197.273
264 3284.9711
74865 3302.1816
50005 3346.6085
0 3168.7086
0 3250.0332
0 3318.6165
124020 3182.2582
881 3184.9533
0 3164.4965
1133 3157.1616
0 3174.2337
2704 3157.2677
0 3180.8914
218 3168.0423
87586 3171.4242
1992518 3189.968
794 4738.6268
1 3147.961
432 3221.2092
3226 3360.8238
539 3295.6856
0 3379.7309
4 3374.9657
95421 3275.572
210164 3297.3812
1072 3199.6919
306863 3168.1068
788 3236.7004
0 3158.1861
1992419 3177.1274
116 4135.1562
0 3231.3646
0 3190.3988
12659 3356.6107
47 3247.5259
0 3260.064
0 3420.8407
350 3190.307
553909 3185.9243
0 4760.468
983 3181.0358
0 3191.7112
157 3205.0648
26193 3190.1482
1146 3217.834
1993738 3269.4763
859 3840.7249
95023 3178.1617
605 3146.1974
204289 3158.0368
0 3436.6729
0 3206.9454
0 3273.1934
1020 3295.8648
209725 3294.6118
0 3340.5559
195 3397.5953
214 3385.8233
1915 3492.7913
114 3348.9762
118250 3415.7593
18482 3703.1799
25 3487.927
0 3428.7853
163 3498.9965
307364 3374.6312
413 3189.4379
192 3370.1853
0 3620.1574
117320 3312.4988
32 3565.2952
481 3428.9257
833 3350.0146
18368 3240.5287
740 3407.7219
62 3263.7342
0 3256.1043
0 3306.6332
0 3351.8462
0 3416.1466
25972 3184.7855
0 3338.5116
38 3411.6106
118021 3149.5582
728 3160.6544
0 3180.301
577 3157.4597
0 3182.0642
52729 3246.6686
161669 3309.9782
100854 3242.0632
3322 3187.8346
99177 3193.9799
0 3264.0187
107599 3209.1416
568 3128.3851
18391 3137.4334
0 3162.923
0 3152.7354
434 3302.8101
552014 3321.8363
162918 4924.5155
309310 3330.1935
19 3187.3613
0 3152.7736
0 3157.4571
0 3162.2796
0 3162.0652
201898 3165.8411
0 3235.3653
198 3162.0208
0 3188.0336
0 3295.5172
124383 3182.4492
99929 3352.8272
11887 3188.4178
1572 3157.0758
0 3198.0831
951 3329.506
470 3399.9002
553460 3520.5985
0 3134.7139
307 3176.3293
6 3118.0738
0 3158.4519
307661 3282.7665
0 3224.4097
117517 3211.8968
0 3211.5913
0 3140.1239
0 3166.8393
94657 3152.1077
0 3151.0939
325 3146.016
0 3166.9533
0 3174.1933
0 3333.0809
0 3185.5656
75 3210.8577
0 3124.3982
0 3294.2258
12712 3186.8248
0 3140.2656
131 3112.7751
74981 3139.9221
135 3174.3042
0 3175.7333
0 3105.3033
0 3132.5053
0 3158.4504
0 3168.9213
94536 3161.443
0 3146.4482
164085 3162.9727
0 3168.8307
2513 3159.5932
28 3236.2967
0 3137.2041
9 3156.0007
292 3141.1979
1210 3121.2956
315 3129.3678
0 3176.9647
0 3338.9369
0 3446.6236
403 3294.6191
73663 3285.4216
293 3602.2994
0 3239.9136
107701 3197.5997
2154 3361.161
0 3371.5976
308411 3173.2271
135573 3508.4689
188716 3210.3039
0 3141.2491
0 3167.2286
807 3195.5372
75025 3229.7087
0 3347.9242
0 3242.7397
664 3220.4212
1436 3339.5926
188441 3226.1813
0 3130.8647
179 3146.788
363 3160.3926
82 3159.1969
639 3221.9251
545 3172.7275
331 3176.1127
0 3158.1074
547 3135.1235
0 3138.1787
95685 3231.8785
0 3164.8476
107037 3166.858
3389 3179.2295
554786 3170.8933
5 6742.9532
0 3223.9448
0 3229.6457
26302 3297.7769
0 3361.9732
1992897 3314.7833
0 3689.2218
483 3320.5868
150 3152.9822
551867 3143.6925
0 3252.8787
185 3273.9026
0 3219.194
0 3400.6116
309375 3383.5351
0 3144.2984
379 3125.173
0 3160.3931
423 3375.0459
117 3621.142
47529 3208.511
189008 3870.786
2382 3213.488
696 3180.61
296 3254.564
0 3219.1008
0 3456.1058
367 3360.2591
0 3194.4906
0 3187.5618
201899 3227.7212
0 3175.3406
304 3174.8125
207936 3257.3781
76145 3308.9375
210217 3414.0387
0 3327.0951
213 3194.8108
344 3246.997
0 3400.0885
86459 3186.974
0 3203.1383
12816 3297.8583
0 3222.4723
1224 3244.6319
357 3253.9088
350 3189.8145
137261 3178.9579
0 3187.4512
0 3238.1517
96 3244.9354
645 3296.4349
35 3350.4537
204258 3225.7641
0 3219.3727
201657 3763.3726
47778 3319.9494
0 3262.2191
1 3332.6779
1007 3308.4562
425 3398.4975
0 3426.2039
76942 3357.6066
202148 3184.7048
587 3193.2761
0 3145.3814
0 3256.8821
306080 3252.6185
201514 3266.6407
0 3276.0715
3544 3482.4234
0 3297.0534
0 3217.0498
2396 3188.0545
464 3257.0447
0 3594.7271
162059 5606.5382
636 5024.7767
808 3898.3071
628 3604.9646
9 3654.4812
558 3661.4294
2443 3905.5846
0 3544.2665
18468 3370.0296
0 3428.4542
70 3370.9546
162107 3495.3996
188897 3451.8797
0 3278.9678
0 3347.4287
0 3335.5562
967 3240.8059
0 3414.5721
0 3823.3908
0 3879.3788
1147 3568.1889
0 3524.5988
1324 3479.0288
210512 3422.5572
0 3331.8162
0 3363.9148
0 3327.3646
88 3374.0507
1043 3666.4218
0 3733.2714
630 3948.8719
77 3733.1944
1427 3447.9345
790 3516.4068
0 3300.3639
66 3386.7028
0 3375.1104
0 3477.0132
0 3408.1707
392 3365.5612
86614 3379.0992
1760 3310.8035
136539 3510.9971
31 3410.8126
369 3329.6292
1181 3351.7203
0 3459.8981
1439 3313.9907
210074 3304.6845
1425 6287.5806
308152 3541.2703
0 4053.1531
18411 3495.0132
117612 3309.4458
54918 3277.826
680 3588.7921
0 3279.2904
274 3464.2149
1993252 3381.8469
0 3829.5604
0 3395.0695
2079 3413.9542
165741 3396.184
0 3568.0178
189 3289.6953
360 3512.6113
0 3432.0891
616 3466.1246
75071 3596.3817
210968 3439.282
551598 3400.2042
77063 3711.8801
182 3413.7282
1542 3783.1639
0 3601.4086
0 3316.8685
165376 3278.9339
208842 3608.4897
2 3240.5822
520 3285.6185
160 3379.5762
0 3621.5687
484 3543.5882
0 3301.9893
0 3408.8232
2257 3384.077
94463 3417.7924
0 3235.8379
0 3359.6306
0 3402.972
0 3408.344
0 3379.3237
0 3252.7357
0 3257.581
0 3655.745
0 3516.6929
0 3377.6509
0 3353.2661
131 3338.1453
0 3503.6878
0 4371.2267
117798 4285.1464
117696 4160.4777
52571 3572.0567
0 3425.1813
0 3247.2028
47541 3276.3299
0 3427.8817
0 3304.0038
0 3253.1431
1993426 3519.3947
0 3939.8721
0 3457.135
0 3240.4654
204347 3281.6537
161840 3266.3271
0 3279.6882
18 3306.1363
0 3268.0128
2 3383.158
255 3356.231
0 3376.8657
307361 3645.0945
0 3299.6308
307420 3419.7626
36 3364.3469
0 3288.0673
205057 3240.5098
849 3238.7398
0 3298.7036
0 3300.3798
542 3235.5734
1590 3268.9622
0 3235.7976
0 3213.8829
3069 3445.4882
0 3581.6895
0 3319.366
0 3327.7389
48573 3298.1036
0 3292.6272
3203 3358.6332
0 3456.6988
0 3384.8614
0 3418.3382
146 3518.3787
0 3577.1221
94962 3371.9514
227 3545.0259
0 4833.9817
0 3613.2279
0 3783.3882
2677 3447.2883
0 3627.9858
217 3725.5111
0 3487.665
181 3476.5764
354 3452.4832
0 3421.5767
26324 3351.2939
0 3406.7165
405 3457.2095
118145 3499.4352
0 3445.6956
48078 3353.1411
104 3384.2247
0 4541.6694
0 3793.3795
772 3748.2493
0 3691.6595
118296 3408.9163
415 5637.8493
0 6520.113
1993731 4908.1637
999 3534.6732
1181 3144.3189
117231 3222.739
47624 3371.3886
126624 3345.6417
210124 3223.012
0 3374.1546
0 3234.8906
0 3404.8926
499 3342.6631
0 3165.9781
0 3201.0274
46 3329.539
622 3279.5717
0 3308.5631
38 3535.318
1596 3510.6574
162093 3716.5716
0 3273.6191
202581 3328.5235
18437 3146.7455
244 3130.6957
0 3148.7413
0 3195.2099
0 3342.3134
261 3303.3506
265 3201.6107
0 3172.889
0 3249.6377
0 5607.6723
64 9128.6143
165234 3533.5949
1987 3731.6998
1993592 3292.2142
0 5215.7731
0 4239.9323
4 3928.9016
43 3503.3582
0 3743.3005
12 3321.0075
0 3278.9163
0 3278.5525
203144 3254.8478
305421 3353.8931
0 3465.377
308260 3269.9424
0 3257.1472
1551 3251.6303
212259 3282.3158
121 3397.1513
2213 3322.053
538 3341.3866
0 3245.0494
277 3200.1361
208869 3239.7478
383 3308.29
0 3244.5958
211010 3293.9712
308809 3356.004
